HomeRuns
5
3
4
9
6
7
7
10
27
11
11
17
14
20
14
16
13
19
18
17
13
11
15
25
12
16
16
13
10
9
12
10
12
9
10
21
14
19
19
24
12
12
11
29
54
59
42
41
46
39
47
60
54
46
56
46
58
48
49
36
49
46
58
35
43
37
36
34
33
28
44
51
40
54
47
42
37
47
49
51
52
44
47
46
41
61
49
45
49
52
49
44
44
49
45
48
40
44
36
38
38
52
46
48
48
31
39
40
43
40
40
49
42
47
51
44
43
46
43
50
52
58
70
65
50
73
57
47
