 0.62060   0.37363   0.17719
-1.28894  -0.32449  -1.20029
-2.14977   1.01171  -0.21781
-1.36448  -1.08536  -0.36262
 0.15629  -0.46126   0.29557
-0.59946   0.86972   0.70078
-0.38035  -0.35462  -0.38338
 0.63869   0.75705  -0.31896
-0.61586   0.94176   0.77268
-2.74156  -0.33513   0.73149
 1.45380   1.68602   1.47569
 0.39303  -0.91481  -0.02074
 0.18529  -0.28579  -0.89440
 0.90099   0.48358  -1.43270
-0.48772  -1.10536  -1.76413
-0.12740  -1.29661  -1.25941
 0.45060   0.45637   0.32300
 1.39982  -0.52121   0.30629
 0.27189  -0.04430   1.98472
 0.48298  -1.51744   1.14893
-0.42755  -0.11977   0.72838
 0.29017  -1.61200   1.23029
 0.55677   0.18692   0.69969
-0.40990   0.69927   0.43981
-0.57121  -2.24297  -0.33242
-0.67205   1.15275   0.90868
 0.58242   0.24066  -1.35400
 0.56892   2.05009   1.52364
 1.59272  -1.22481   1.06686
-0.13026  -0.55583   0.53300
 1.15551   0.82824   1.77466
 0.81021  -0.02173  -0.35589
-0.74043  -0.25051  -1.78170
 0.11163  -0.67392   1.70684
 0.72909  -0.19110   0.37446
-0.39714   1.24267   3.59827
-1.45384  -1.57488  -0.06083
-2.14508   1.33185   0.39738
-0.47445   0.36625   0.06460
 0.20776  -1.21313  -0.70038
 1.51308  -0.25594  -1.74384
-2.29347  -1.06054   0.32417
-0.51831   0.31606  -1.43041
-2.43262  -0.92934   0.06671
-0.42956   0.35189  -0.66203
-1.03678   1.31659  -0.40585
-0.63405  -0.62927   0.72843
 2.39865   0.09701   0.20635
-0.67080   0.62359   1.82197
 0.51753   0.12535   0.73488
 0.85055  -0.16729   0.09540
-0.35359   0.32612  -0.31557
 0.24228  -2.02810   0.22856
-0.39712   0.05726  -0.95950
-0.49166  -0.46768  -0.53942
-1.48781  -0.10826   1.52703
-0.91485   1.51333   2.82138
-0.46296  -1.45115   1.12169
 0.61551  -1.64205   1.27217
 0.97775  -0.31334   0.42163
-1.72765   1.76266  -0.45302
-0.96421   0.79777  -0.76280
-1.39731  -1.69292  -0.70793
 0.44599   0.68496   0.44489
-1.06635  -0.83816  -0.96523
 0.12350  -1.35485  -0.29900
-0.60953  -2.54406   0.86522
 1.08479  -0.45004  -0.46290
 0.11388   1.33112   0.12242
 1.15095  -0.72922   0.73960
 0.49740  -0.61689  -0.03597
 1.01270  -1.66915  -0.47842
-1.05979   2.21099  -1.36269
-1.27488  -0.34697  -0.45104
 0.00013  -1.14627   0.57541
-0.73320  -0.54904  -0.11158
-0.39132   1.50904  -0.13676
-0.24544  -1.94944   1.60790
 0.55447  -2.14892   1.79703
-0.04640  -1.89689  -0.81246
 0.43660   0.56953  -1.35712
-0.89169  -0.06989  -0.52015
-0.48921   0.64015  -0.43460
 1.14517  -1.35762   1.43140
 0.43881   1.01550   0.94849
-2.25971  -0.93307  -1.41509
-1.15509  -2.30014  -0.54507
-0.59039   0.97493   2.05123
-0.19732   1.56961  -1.31885
-0.26698  -0.40749  -1.21954
 0.24967  -0.41964   0.27225
 0.01586  -0.52743   0.89225
 0.69805  -0.12005  -0.57833
-0.31998   0.37597  -1.32297
 0.30118  -0.45653   1.45138
-1.58329   0.92180  -1.23544
 1.04222  -0.36692   0.55077
 1.26505  -0.19869  -1.60680
 1.32161  -1.26807  -2.41173
-1.29663  -1.86594  -1.65633
