  6600    708.0     0    70    534    9000.0    12    216.0     1     0      0       0.0
  6300    712.0     0    70    322   11760.0    15     15.0     0     1      0       0.0
  5880    722.0     0    70    334   10980.0    12     40.5     1     0      0       0.0
  6600    736.0     0    94    432   13920.0    15     93.0     0     1      0       0.0
  5700    745.0     0    96    364   13020.0    15     43.0     0     1      0       0.0
  6000    765.0     0    87    378   11040.0    12     75.0     1     0      0       0.0
  6000    771.0     0    72    338   11340.0    15     48.0     0     1      0       0.0
  6300    785.0     0    68    344   12120.0    15     55.0     0     1      0       0.0
  6300    786.0     0    82    354   32000.0    15     34.0     0     1      0       0.0
  6000    787.0     0    81    368   10620.0    15     52.0     0     1      0       0.0
  6300    812.0     0    67    345   12480.0    15     46.0     0     1      0       0.0
  6000    816.0     0    71    322   11220.0    14     14.5     0     1      0       0.0
  6600    821.0     0    79    364   11100.0    15     55.0     0     1      0       0.0
  6300    829.0     0    66    329   13416.0    12     47.0     1     0      0       0.0
  6300    843.0     0    92    390   12660.0    15     64.0     0     1      0       0.0
  6600    844.0     0    64    383   13560.0    12    106.0     1     0      0       0.0
  6600    850.0     0    83    397   13260.0    15     69.0     0     1      0       0.0
  7200    857.0     0    65    492   11520.0    12    210.0     1     0      0       0.0
  5700    880.0     0    95    352    9300.0    12     46.0     1     0      0       0.0
  6300    911.0     0    91    364   15960.0    14     59.0     0     1      0       0.0
  5700    931.0     0    96    356   14460.0    12     83.0     1     0      0       0.0
  6600    934.0     0    90    394   15120.0    14     60.0     0     1      0       0.0
  6300    961.0     0    66    344   12108.0    12     80.0     1     0      0       0.0
  6300    968.0     0    76    331   17364.0    15     12.0     0     1      0       0.0
  6000    979.0     0    96    386   16800.0    15     68.0     0     1      0       0.0
  6300    983.0     0    91    381   10980.0    15     48.0     0     1      0       0.0
  6300   1007.0     0    70    349   11940.0    15     48.0     0     1      0       0.0
  6600   1009.0     0    79    368   13560.0    12     94.0     1     0      0       0.0
  6000   1033.0     0    94    401   10800.0    12    119.5     1     0      0       0.0
  6300   1044.0     0    70    341   10140.0    15     55.5     0     1      0       0.0
  5700   1067.0     0    65    307   12660.0    15      9.5     0     1      0       0.0
  6300   1071.0     0    63    327   15660.0    12     85.0     1     0      0       0.0
  6300   1103.0     0    82    361   11940.0    12     85.0     1     0      0       0.0
  6600   1111.0     0    67    369   10860.0    15     78.0     0     1      0       0.0
  6300   1124.0     0    94    365   13560.0    15     78.0     0     1      0       0.0
  4500    644.0     1    80    294    7860.0    12      5.0     1     0      0       0.0
  4500    645.0     1    65    276    8700.0    12      0.0     1     0      0       0.0
  4800    648.0     1    81    297   10980.0     8      9.0     0     0      0       0.0
  5400    651.0     1    69    309    9660.0    15      7.0     0     1      0       0.0
  4980    662.0     1    69    289    9780.0    12     12.0     1     0      0       0.0
  6900    663.0     1    85    384   14280.0    16     19.0     0     0      1       0.0
  4500    666.0     1    80    292    8940.0    12      5.0     1     0      0       0.0
  4800    675.0     1    69    279    8640.0    12      0.0     1     0      0       0.0
  4980    680.0     1    69    290   11160.0    12      0.0     1     0      0       0.0
  4500    682.0     1    66    283    8160.0    12      0.0     1     0      0       0.0
  5100    684.0     1    63    680    8580.0    12    139.0     1     0      0       0.0
  4200    691.0     1    93    310   10560.0    12      0.0     1     0      0       0.0
  4500    698.0     1    81    298    9060.0    12      0.0     1     0      0       0.0
  6600    701.0     1    71    299    8880.0    12      7.0     1     0      0       0.0
  6600    710.0     1    86    340   11760.0    15     24.0     0     1      0       0.0
  4980    714.0     1    69    279   11640.0     8     17.0     0     0      0       0.0
  4500    716.0     1    81    297   10920.0    12      5.0     1     0      0       0.0
  4620    720.0     1    93    337    9660.0    15      0.0     0     1      0       0.0
  4500    724.0     1    80    300    9360.0    12     18.0     1     0      0       0.0
  4500    729.0     1    69    281    9060.0    12      2.0     1     0      0       0.0
  5400    742.0     1    64    546    9360.0    12    197.5     1     0      0       0.0
  7500    743.0     1    90    740   12600.0    12    204.5     1     0      0       0.0
  4380    746.0     1    80    301    9720.0    12      7.5     1     0      0       0.0
  4620    750.0     1    93    322   11700.0    15     11.0     0     1      0       0.0
  4500    753.0     1    69    285    8340.0    12      0.0     1     0      0       0.0
  4500    762.0     1    80    301   11400.0    12      3.5     1     0      0       0.0
  4560    774.0     1    93    307   11040.0    12      5.5     1     0      0       0.0
  5340    780.0     1    88    332   14220.0    15     31.5     0     1      0       0.0
  4500    781.0     1    92    315    8040.0    12     24.0     1     0      0       0.0
  4620    790.0     1    74    288   10440.0    12      2.0     1     0      0       0.0
  7800    796.0     1    82    705   11100.0    15    265.0     0     1      0       0.0
  4800    803.0     1    76    315   10200.0    15      7.0     0     1      0       0.0
  5100    809.0     1    65    298    9000.0    12     24.0     1     0      0       0.0
  5580    813.0     1    73    307    9180.0    15     21.5     0     1      0       0.0
  7800    818.0     1    64    322   13140.0    16     20.0     0     0      1       0.0
  4200    828.0     1    93    311    9180.0    12      9.5     1     0      0       0.0
  4500    847.0     1    77    296    8520.0    12      0.0     1     0      0       0.0
  7200    863.0     1    75    351   13200.0    16     26.0     0     0      1       0.0
  4380    871.0     1    81    294    9240.0    12      0.0     1     0      0       0.0
  6000    873.0     1    76    327   11664.0    12     22.0     1     0      0       0.0
  4500    876.0     1    80    292    9360.0    12      0.0     1     0      0       0.0
  4980    879.0     1    69    284   12240.0    12      4.5     1     0      0       0.0
  4380    885.0     1    81    292    9000.0     8      4.5     0     0      0       0.0
  4500    888.0     1    69    281    8160.0    12      0.0     1     0      0       0.0
  4620    912.0     1    81    295   10680.0    12     18.0     1     0      0       0.0
  5100    913.0     1    73    667   11640.0    17    375.0     0     0      0       1.0
  4500    919.0     1    81    301    9960.0    12      0.0     1     0      0       0.0
  4380    924.0     1    81    303    7860.0    12     11.0     1     0      0       0.0
  6900    929.0     1    80    362   13800.0    16      2.5     0     0      1       0.0
  7200    937.0     1    71    361   14640.0    16     12.0     0     0      1       0.0
  4380    941.0     1    81    299    8820.0    12      8.5     1     0      0       0.0
  4800    955.0     1    81    295   10200.0    12     11.0     1     0      0       0.0
  4440    970.0     1    67    325   12540.0    15     47.0     0     1      0       0.0
  6300    980.0     1    82    350    9300.0    16      4.0     0     0      1       0.0
  4860    981.0     1    77    292   13800.0    12      4.0     1     0      0       0.0
  5100    994.0     1    81    326   11280.0    15     18.5     0     1      0       0.0
  6120   1004.0     1    72    309   11760.0    12     30.0     1     0      0       0.0
  4500   1011.0     1    83    310    9600.0    12     16.0     1     0      0       0.0
  5700   1012.0     1    63    301   11760.0    12      9.0     1     0      0       0.0
  5400   1015.0     1    78    326    9840.0    12     47.0     1     0      0       0.0
  5400   1028.0     1    94    354   10560.0    15      3.0     0     1      0       0.0
  7200   1039.0     1    75    345   14820.0    15      5.0     0     1      0       0.0
  4800   1043.0     1    79    292    9780.0    12      7.5     1     0      0       0.0
  4200   1050.0     1    92    306   11400.0    12      6.0     1     0      0       0.0
  4380   1054.0     1    79    296    9900.0    12      4.5     1     0      0       0.0
  5400   1056.0     1    90    345   13020.0    15     22.0     0     1      0       0.0
  4500   1059.0     1    68    281    9120.0    12      1.5     1     0      0       0.0
  6000   1062.0     1    90    534   13320.0    12      3.0     1     0      0       0.0
  6600   1063.0     1    90    365   15420.0    16      0.0     0     0      1       0.0
  5100   1064.0     1    69    293    9540.0    12     19.5     1     0      0       0.0
  4380   1076.0     1    80    300    7260.0    12      0.0     1     0      0       0.0
  5400   1078.0     1    67    618    8340.0    12    181.0     1     0      0       0.0
  6600   1035.0     1    98    527   12120.0    16    143.0     0     0      1       0.0
  7200   1090.0     1    78    342   13020.0    15      6.0     0     1      0       0.0
  5400   1091.0     1    73    328   11160.0    12     32.0     1     0      0       0.0
  5580   1099.0     1    72    328   11520.0    12     18.0     1     0      0       0.0
  4500   1102.0     1    69    284    9120.0    12      0.0     1     0      0       0.0
  4500   1108.0     1    69    284    8280.0    12      1.5     1     0      0       0.0
  5580   1110.0     1    64    349   10080.0    15     56.5     0     1      0       0.0
  4800   1125.0     1    73    726    8460.0     8    159.0     0     0      0       0.0
  4500   1129.0     1    81    289    9240.0    12     13.0     1     0      0       0.0
