  108   107   114   109   110   122   74   37    46   105    56   25
  111   108   107   217   109   110   29   26    70   107    57   23
  105   111   108   241   217   109   32   35    55   104    58   50
  103   105   111   855   241   217   24   30    54   102    59   33
  109   103   105   271   855   241   16   26    54   106    60   22
  104   109   103   234   271   855   31   26    59   103    61   44
  110   104   109   297   234   271   22   31    55   107    62   29
  114   110   104   271   297   234    7   20    56   110    63   17
  103   114   110   999   271   297   32   34    57   102    64   41
  108   103   114   687   999   271   22   20    45   106    65   27
  109   108   103   999   687   999   17   27    58   106    66   31
  107   109   108   603   999   687   12   27    53   105    67   32
  108   107   109   318   603   999   28   29    55   106    68   26
  107   108   107   999   319   603   29   22    54   105    69   33
  104   107   108   203   999   319   36   24    53   103    70   33
  110   104   107   296   203   999   13   22    42   107    71   24
  108   110   104   226   296   203   24   22    65   106    72   25
  110   108   110   219   226   296   26   27    50   107    73   27
  109   110   108   207   219   226   21   31    52   107    74   27
  103   109   110   134   207   219   14   26    56   102    75   24
  124   103   109    10   134   207    .   21    44   116    76   19
  103   124   103   248    10   134   34   33    61   102    77   40
  118   103   124   269   248    10   11   24    59   112    78   17
  111   118   103   351   269   248   26   28    53   107    79   33
  109   111   118   228   351   269   44   34    61   106    80   33
  115   109   111   317   228   351   30   19    57   110    81   23
   94   115   109    37   317   228   39   21    53    96    82   26
  107    94   115   285    37   317   29   35    50   105    83   32
  107   107    94   433   285    37   31   16    54   105    84   24
  109   107   107   542   433   285   28   34    61   106    85   33
  100   109   107    64   542   433   32   36    58   100    86   32
  104   100   109   137    64   542   26   20    64   103    87   22
  101   104   100    88   137    64   20   30    56   101    88   22
  105   101   104   514    88   137   30   27    57   104    89   29
  107   105   101   162   514    88   28   34    48   105    90   34
   94   107   105    19   162   514   40   31    59    96    91   35
   99    94   107     4    19   162   31   22    51   100    92   23
  117    99    94   999     4    19   21   26    62   112    93   17
  101   117    99   152   999     4   23   26   561   101    94   28
  108   101   117   261   152   999   40   29    53   105    95   24
  112   108   101   323   261   152   26   29    59   108    96   22
  111   112   108   783   323   261   36   30    44   107    97   28
  100   111   112   329   783   323   40   24    57   100    98   35
   98   100   111   156   329   783   51   35    58    98    99   51
   95    98   100   201   156   329   19   22    52    96   100   36
  105    95    98    99   201   156   35   36    67   104   101   18
  108   105    95   164    99   201   20   21    53   105   102   19
  114   108   105   356   164    99   40   23    56   109   103   14
  110   114   108   399   356   164   12   27    56   107   104   19
  107   110   114    10   399   356    .   35    55   105   105   28
  102   107   110   574    10   399   39   23    47   101   106   29
  115   102   107   850   574    10   37   23    64   110   107   25
   99   115   102   103   850   574   14   29    49    99   108   27
  123    99   115   252   103   850   50   27    57   115   109   17
  111   123    99   341   252   103   26   35    55   107   110   21
  111   111   123   464   341   252   28   31    54   108   111   21
  107   111   111   666   464   341   18   24    58   105   112   21
  101   107   111   244   666   464   38   38    56   101   113   47
  110   101   107   370   244   666   24   17    61   107   114   19
  106   110   101   999   370   244    7   28    41   104   115   21
  111   106   110   920   999   370   19   22    40   108   116   24
  117   111   106   558   920   999    6   23    44   111   117   24
  106   117   111   226   558   920   23   33    41   104   118   30
  106   106   117   329   226   558   25   20    50   104   119   24
  108   106   106   414   329   226   19   29    58   106   120   29
  102   108   106    10   414   329    .   24    47   102   121   21
  111   102   108   291    10   414   29   31    51   107   122   19
  108   111   102   382   291    10   14   26    47   106   123   27
  101   108   111   274   382   291   41   29    47   101   124   33
  113   101   108   892   274   382   31   25    40   109   125   24
  103   113   101   154   892   274   14   20    48   102   126   18
  108   103   113   306   154   892   32   25    68   106   127   19
  109   108   103   182   306   154   29   23    52   106   128   17
  105   109   108   576   182   306   13   29    59   103   129   31
  105   105   109   358   576   182   19   31    58   103   130   30
  111   105   105   360   358   576   35   21    65   108   131   17
  105   111   105   735   360   358   40   30    47   104   132   41
  100   105   111   932   735   360   36   31    50   100   133   40
   97   100   105   168   932   735   14   26    60    98   134   28
  107    97   100   894   168   932   47   19    56   105   135   24
   91   107    97    86   894   168   57   32    60    93   136   30
  108    91   107   999    86   894   28   24    61   105   137   18
   97   108    91   302   999    86   37   24    42    98   138   34
  103    97   108   377   302   999   33   15    53   102   139   22
  103   103    97   415   377   302    7   20    50   102   140   25
  113   103   103   400   415   377   15   21    53   109   141   24
  107   113   103    61   400   415   11   18    49   105   142   27
  104   107   113   326    61   400   18   28    44   103   143   30
  113   104   107   249   326    61   24   20    47   109   144   24
  109   113   104   387   249   326    7   20    49   106   145   18
  111   109   113    16   387   249   12   23    51   108   146   20
  110   111   109   470    16   387    6   21    43   107   147   22
  110   110   111   999   470    16   12   19    41   107   148   26
  111   110   110   380   999   470   15   23    46   108   149   19
  112   111   110   999   380   999   26   25    44   108   150   31
  110   112   111   451   999   380   17   22    49   107   151   25
  112   110   112   999   451   999    5   28    39   108   152   26
  100   112   110    82   999   451   14   15    45   100   153   24
  107   100   112   441    82   999   38   33    42   105   154   30
  111   107   100   448   441    82   23   12    43   108   155   24
  103   111   107   515   448   441   36   28    38   102   156   40
