   1    110    16    54    26     8    1
   2      0     8    38    11     8    0
   3     77     9    31     3     6    1
   4     37     7    44     9     6    1
   5     15     9    44    11     9    0
   6     89    10    53    13     3    0
   7      0     7    50    17    13    1
   8      0     8    53    19     9    0
   9     44    13    43    21    13    0
  10     53    10    56    16     6    1
  11    107    15    54    23     2    1
  12      3     8    49    15    19    0
  13     25     6    35     2     5    1
  14     11    13    33    13    17    0
  15     98    14    45    18     8    0
  16      1     7    39     9    12    0
  17     42    10    48    11     9    1
  18     18     9    45     8    15    1
  19     25    14    46    20     8    0
  20      3    10    36    14     9    0
  21      4     7    52    11     8    0
  22    133    12    37    10     9    1
  23      0     7    50    16     4    0
  24     32    11    61    22     9    0
  25      0     7    55    16    13    1
  26      6     8    46    12     7    1
  27     18    10    43    14     8    0
  28    153    13    47    20     5    1
  29     20    10    45    13     7    0
  30     21     6    46    10     8    0
  31     13    11    46    25    12    1
  32      0     9    45    16    12    1
  33      1    10    42    12     8    0
  34      0     6    56    14    11    1
  35     14    13    44    18    13    0
  36     56     9    51    10     9    0
  37     40    10    50    12     6    0
  38     55    11    48    17    14    0
  39    142    16    44    19     5    1
  40     66     6    49     5     6    1
  41     63    15    46    22    12    1
  42      0     5    54    13     8    0
  43      0    11    45    17    10    1
  44      0     8    38     7    10    0
  45     99    12    53    15     7    0
  46    144    13    42    17     5    1
  47    124    16    50    19     7    0
  48     59    12    46    19    11    1
  49      0     9    40    19     9    0
  50     56     5    42     5     3    0
  51      0     6    44    18    13    1
  52      0     5    48    11     6    1
  53    117    16    42    13    13    1
  54      5    10    36    11     9    0
  55     11    14    58    19     9    0
  56     27     9    52    12    10    1
  57      0     6    48    18     9    0
  58     76    16    48    24     7    1
  59     27    15    52    30     9    0
  60      0     9    46     6    10    1
  61     57    15    57    26     5    0
  62     76    15    51    23    12    1
  63     42    10    39     8     5    0
  64     48    10    45     8     3    1
  65     40     7    58    18     2    0
  66     98    13    50    12     7    0
  67      7     8    44     9     6    0
