   1    2317    5327     997     986
   2    2605    5617    1085    1105
   3    2364    5490    1061     998
   4    2975    6236    1129    1164
   5    2766    5877    1206    1104
   6    2762    6058    1295     908
   7    3020    6602    1274    1089
   8    2576    5644    1091    1041
   9    3329    6643    1396    1130
  10    2989    6284    1330    1192
  11    3068    6492    1405    1158
  12    3058    6379    1293    1127
  13    3252    6650    1487    1257
  14    3301    6600    1547    1255
  15    3314    6890    1466    1155
  16    3682    7309    1580    1356
  17    3325    6899    1441    1076
  18    3371    6463    1516    1048
  19    3835    7584    1804    1294
  20    3356    6505    1408    1043
  21    3631    7201    1479    1137
  22    3625    6579    1453    1310
  23    2797    4394    1489    1161
  24    3073    5351    1380    1083
  25    3455    6018    1464    1129
  26    3179    5848    1443    1080
  27    3450    5837    1400    1159
  28    3393    5772    1418    1231
  29    3093    6048    1445    1050
  30    3266    5864    1512    1195
  31    3476    6026    1589    1181
