 1    761  1  2  6  6  7  6  6  5  7  5  1  0  0
 1    761  1  1  6  6  6  7  9  9  7  5  0  1  0
 1    761  1  2  6  5  7  5  3  4  7  6  0  0  1
 1    761  1  2  5  5  6  7  8  2  6  5  0  0  0
 2    627  1  2  3  4  5  4  4  5  6  4  1  0  0
 2    627  1  2  3  4  5  4  7  3  5  5  0  1  0
 2    627  1  2  4  5  5  5  5  7  6  4  0  0  1
 2    627  1  1  4  5  6  5  4  5  5  6  0  0  0
 3    643  2  1  6  6  7  7  6  7  7  6  1  0  0
 3    643  2  2  5  6  7  7  5  6  8  6  0  1  0
 3    643  2  2  5  6  7  5  5  8  6  5  0  0  1
 3    643  2  2  6  5  5  4  2  8  6  5  0  0  0
 4    562  3  2  6  6  5  5  4  5  5  5  1  0  0
 4    562  3  2  5  5  6  5  4  6  7  5  0  1  0
 4    562  3  2  4  4  5  4  6  7  5  3  0  0  1
 4    562  3  1  4  4  6  7  7  8  7  5  0  0  0
 5    469  3  2  4  4  6  8  7  1  5  4  1  0  0
 5    469  3  2  3  4  6  6  3  4  5  3  0  1  0
 5    469  3  1  5  5  4  5  6  5  6  4  0  0  1
 5    469  3  2  2  3  6  4  4  2  5  3  0  0  0
 6    233  1  2  5  4  5  4  6  7  6  5  1  0  0
 6    233  1  1  5  6  6  7  9  4  7  5  0  1  0
 6    233  1  2  4  6  6  7  7  5  6  5  0  0  1
 6    233  1  2  3  5  7  8  5  6  6  4  0  0  0
 7    664  3  2  6  6  7  6  3  5  6  6  1  0  0
 7    664  3  2  5  5  6  9  7  5  8  5  0  1  0
 7    664  3  2  4  5  7  7  5  6  6  6  0  0  1
 7    664  3  1  5  6  7  7  6  8  6  6  0  0  0
 8    767  3  2  3  4  5  1  3  4  3  4  1  0  0
 8    767  3  2  6  4  6  5  5  2  7  5  0  1  0
 8    767  3  2  4  5  4  2  3  3  5  4  0  0  1
 8    767  3  1  5  5  5  5  4  8  5  5  0  0  0
 9    467  1  2  7  6  5  5  7  2  5  6  1  0  0
 9    467  1  2  4  5  7  5  7  3  6  4  0  1  0
 9    467  1  2  6  6  6  5  7  5  6  6  0  0  1
 9    467  1  1  4  5  7  9  4  7  8  6  0  0  0
10    844  1  2  5  5  7  6  6  7  6  5  1  0  0
10    844  1  1  6  5  7  6  5  5  7  5  0  1  0
10    844  1  2  5  5  5  1  2  4  6  5  0  0  1
10    844  1  2  5  4  5  2  6  5  5  5  0  0  0
11   1722  3  1  5  5  6  5  6  5  5  5  1  0  0
11   1722  3  2  5  5  7  4  5  4  5  5  0  1  0
11   1722  3  2  5  5  5  5  3  6  7  4  0  0  1
11   1722  3  2  3  3  4  1  2  4  3  3  0  0  0
12    928  1  2  5  6  6  5  7  2  7  5  1  0  0
12    928  1  2  4  4  7  7  9  7  6  6  0  1  0
12    928  1  2  6  7  7  4  6  5  7  6  0  0  1
12    928  1  1  6  6  9  9  8  6  7  6  0  0  0
13    466  2  1  4  5  8  9  9  8  7  5  1  0  0
13    466  2  2  4  6  5  5  7  3  5  5  0  1  0
13    466  2  2  5  5  7  7  8  4  7  6  0  0  1
13    466  2  2  4  4  4  4  1  4  4  5  0  0  0
14    211  1  2  6  6  5  4  4  5  7  5  1  0  0
14    211  1  2  5  5  9  9  5  5  7  5  0  1  0
14    211  1  1  6  6  6  6  8  6  8  7  0  0  1
14    211  1  2  5  5  5  5  2  8  6  4  0  0  0
15    696  2  2  6  6  6  4  5  5  4  6  1  0  0
15    696  2  1  5  7  6  5  5  5  7  5  0  1  0
15    696  2  2  6  6  5  2  5  5  5  5  0  0  1
15    696  2  2  4  4  5  7  7  5  6  4  0  0  0
16    894  3  2  4  5  5  3  4  2  6  4  1  0  0
16    894  3  1  3  5  5  7  7  2  6  3  0  1  0
16    894  3  2  6  6  4  1  4  1  4  4  0  0  1
16    894  3  2  6  5  4  6  4  2  4  2  0  0  0
17   1364  3  2  4  5  5  7  6  3  7  3  1  0  0
17   1364  3  1  4  4  5  6  5  9  6  4  0  1  0
17   1364  3  2  5  5  4  3  4  5  5  5  0  0  1
17   1364  3  2  5  5  4  5  3  8  5  4  0  0  0
18    408  3  2  5  4  5  6  7  7  6  6  1  0  0
18    408  3  2  5  5  5  5  5  3  5  5  0  1  0
18    408  3  1  5  5  6  8  4  8  7  5  0  0  1
18    408  3  2  1  3  4  4  3  5  3  3  0  0  0
19    733  1  2  5  5  7  5  5  4  6  5  1  0  0
19    733  1  1  6  5  7  8  6  6  6  5  0  1  0
19    733  1  2  4  4  4  3  3  4  5  5  0  0  1
19    733  1  2  4  4  5  4  3  7  5  5  0  0  0
20   1009  2  2  3  4  5  6  5  9  5  4  1  0  0
20   1009  2  1  4  5  6  8  6  5  7  4  0  1  0
20   1009  2  2  5  5  5  5  4  5  5  4  0  0  1
20   1009  2  2  4  4  5  5  1  6  5  4  0  0  0
21    749  3  1  6  5  8  6  6  7  7  6  1  0  0
21    749  3  2  6  7  7  5  5  6  6  5  0  1  0
21    749  3  2  6  6  6  3  6  3  5  6  0  0  1
21    749  3  2  6  5  5  7  5  6  5  6  0  0  0
22    518  2  2  4  5  6  7  9  8  7  6  1  0  0
22    518  2  1  6  6  7  8  7  6  8  6  0  1  0
22    518  2  2  5  5  6  4  3  6  6  5  0  0  1
22    518  2  2  5  6  8  9  9  5  7  5  0  0  0
23    871  2  2  6  6  6  7  8  4  6  6  1  0  0
23    871  2  2  5  6  7  8  6  8  7  4  0  1  0
23    871  2  2  6  6  7  5  5  6  7  5  0  0  1
23    871  2  1  5  6  8  8  7  8  7  6  0  0  0
24    322  1  1  6  6  8  8  5  6  7  6  1  0  0
24    322  1  2  6  5  7  8  5  6  7  5  0  1  0
24    322  1  2  6  5  6  8  4  6  8  6  0  0  1
24    322  1  2  5  5  6  4  7  7  6  4  0  0  0
25    800  2  2  5  6  5  5  2  9  5  7  1  0  0
25    800  2  2  4  4  7  9  6  4  8  5  0  1  0
25    800  2  1  7  7  6  5  6  4  6  6  0  0  1
25    800  2  2  5  5  5  3  6  5  6  4  0  0  0
26    899  2  2  6  6  6  4  5  7  5  6  1  0  0
26    899  2  2  5  6  6  7  6  8  6  3  0  1  0
26    899  2  2  5  4  5  7  4  6  7  6  0  0  1
26    899  2  1  6  5  5  4  5  5  6  7  0  0  0
27    871  1  2  3  4  3  1  3  6  3  3  1  0  0
27    871  1  2  4  5  4  1  5  3  4  5  0  1  0
27    871  1  2  4  3  5  3  2  2  5  4  0  0  1
27    871  1  1  5  5  4  3  4  3  5  5  0  0  0
28    855  3  2  5  5  7  6  3  8  7  6  1  0  0
28    855  3  2  6  6  6  6  9  5  8  6  0  1  0
28    855  3  2  6  6  7  9  9  2  7  7  0  0  1
28    855  3  1  6  7  8  8  9  3  8  6  0  0  0
29    290  2  2  1  3  5  6  7  4  4  3  1  0  0
29    290  2  2  4  4  4  4  6  4  5  5  0  1  0
29    290  2  2  4  5  6  7  5  4  6  4  0  0  1
29    290  2  1  4  6  6  6  7  7  6  5  0  0  0
30    672  1  2  4  4  7  7  5  5  5  4  1  0  0
30    672  1  1  4  5  6  7  5  7  6  4  0  1  0
30    672  1  2  3  5  6  4  4  3  4  3  0  0  1
30    672  1  2  4  4  6  7  5  5  6  4  0  0  0
31     37  2  2  3  4  3  2  1  9  4  4  1  0  0
31     37  2  2  3  4  6  5  6  5  6  4  0  1  0
31     37  2  1  5  5  5  2  4  2  5  4  0  0  1
31     37  2  2  2  3  4  6  6  3  5  2  0  0  0
32   6270  1  2  6  4  7  7  6  8  7  5  1  0  0
32   6270  1  2  4  5  6  5  6  7  5  4  0  1  0
32   6270  1  1  7  6  6  7  5  6  7  7  0  0  1
32   6270  1  2  4  6  5  5  5  6  7  4  0  0  0
33    890  3  2  4  4  5  3  6  6  6  3  1  0  0
33    890  3  2  4  4  5  5  5  2  6  5  0  1  0
33    890  3  2  4  4  4  3  3  5  4  5  0  0  1
33    890  3  1  5  5  5  4  6  2  6  5  0  0  0
34    355  2  2  4  4  4  5  3  5  6  4  1  0  0
34    355  2  2  3  4  5  3  3  6  5  4  0  1  0
34    355  2  2  3  4  4  5  3  6  5  5  0  0  1
34    355  2  1  5  4  5  7  6  4  6  6  0  0  0
35  14798  2  2  7  6  7  6  4  5  7  7  1  0  0
35  14798  2  2  5  6  8  7  8  5  7  5  0  1  0
35  14798  2  2  5  5  8  9  9  7  8  5  0  0  1
35  14798  2  1  7  7  7  8  8  7  8  7  0  0  0
36    511  3  2  5  4  4  2  5  4  5  6  1  0  0
36    511  3  2  4  5  5  4  2  3  5  4  0  1  0
36    511  3  1  4  4  6  5  3  5  5  5  0  0  1
36    511  3  2  3  3  4  3  6  2  4  3  0  0  0
37    767  2  1  5  6  5  6  4  2  7  5  1  0  0
37    767  2  2  4  5  5  5  4  8  6  7  0  1  0
37    767  2  2  5  5  7  8  7  8  6  5  0  0  1
37    767  2  2  5  5  5  3  4  6  6  6  0  0  0
38    182  2  1  5  5  5  4  6  9  6  6  1  0  0
38    182  2  2  4  5  5  3  4  7  4  5  0  1  0
38    182  2  2  3  4  7  6  6  5  7  3  0  0  1
38    182  2  2  4  3  6  6  6  7  6  4  0  0  0
39    796  1  2  5  6  7  8  5  5  9  5  1  0  0
39    796  1  2  6  7  6  5  4  6  7  5  0  1  0
39    796  1  1  6  6  7  7  7  6  8  6  0  0  1
39    796  1  2  6  5  4  2  3  9  5  5  0  0  0
40    808  1  2  4  5  5  4  9  7  5  5  1  0  0
40    808  1  2  5  4  6  5  6  3  6  4  0  1  0
40    808  1  1  5  6  6  4  5  6  6  6  0  0  1
40    808  1  2  5  5  6  9  6  6  7  5  0  0  0
41    444  1  1  5  5  6  8  3  2  7  6  1  0  0
41    444  1  2  4  5  5  5  6  3  5  5  0  1  0
41    444  1  2  4  6  8  9  8  6  7  5  0  0  1
41    444  1  2  2  3  3  1  2  3  3  3  0  0  0
42    752  1  1  6  7  8  4  7  7  7  6  1  0  0
42    752  1  2  5  6  7  7  5  3  7  6  0  1  0
42    752  1  2  5  6  8  9  9  1  7  4  0  0  1
42    752  1  2  4  5  6  8  2  4  6  4  0  0  0
43  12514  2  2  4  5  6  7  7  8  7  5  1  0  0
43  12514  2  2  6  5  6  3  3  5  5  6  0  1  0
43  12514  2  1  6  6  7  4  6  5  7  6  0  0  1
43  12514  2  2  3  3  5  5  6  1  6  4  0  0  0
44  10997  2  1  6  6  7  9  8  6  8  7  1  0  0
44  10997  2  2  6  6  6  6  8  8  8  5  0  1  0
44  10997  2  2  6  6  7  8  7  9  8  6  0  0  1
44  10997  2  2  4  5  8  9  6  6  8  4  0  0  0
45    415  1  1  5  5  4  2  4  3  6  4  1  0  0
45    415  1  2  4  3  4  5  3  4  4  3  0  1  0
45    415  1  2  5  4  4  1  3  3  5  3  0  0  1
45    415  1  2  4  4  5  6  4  3  5  4  0  0  0
46    251  2  2  5  4  6  4  4  7  5  5  1  0  0
46    251  2  2  4  4  4  1  6  7  5  3  0  1  0
46    251  2  1  5  5  5  6  4  3  5  5  0  0  1
46    251  2  2  3  3  5  5  3  3  4  3  0  0  0
47    956  2  2  2  3  5  2  4  2  5  3  1  0  0
47    956  2  1  4  4  5  6  5  4  6  4  0  1  0
47    956  2  2  3  4  5  6  4  5  4  4  0  0  1
47    956  2  2  3  3  5  8  8  2  6  4  0  0  0
48    335  2  2  5  6  6  7  3  4  6  5  1  0  0
48    335  2  2  6  7  8  7  9  4  7  6  0  1  0
48    335  2  1  7  7  9  9  9  4  8  7  0  0  1
48    335  2  2  5  5  5  4  5  5  5  4  0  0  0
49     37  3  2  4  4  6  6  3  6  6  5  1  0  0
49     37  3  2  5  5  6  4  8  7  7  6  0  1  0
49     37  3  1  6  6  7  7  7  6  7  5  0  0  1
49     37  3  2  5  6  4  2  4  4  5  6  0  0  0
50    584  3  1  6  6  5  3  5  5  6  4  1  0  0
50    584  3  2  5  5  6  3  6  7  6  6  0  1  0
50    584  3  2  4  6  6  4  5  4  5  5  0  0  1
50    584  3  2  3  3  6  9  7  4  6  4  0  0  0
51    777  1  2  6  6  6  8  9  5  7  6  1  0  0
51    777  1  2  4  5  6  7  5  4  7  6  0  1  0
51    777  1  1  6  7  7  6  5  5  9  6  0  0  1
51    777  1  2  4  5  3  1  4  2  4  4  0  0  0
52    787  2  2  5  6  6  5  5  5  6  5  1  0  0
52    787  2  2  5  5  7  8  5  7  7  5  0  1  0
52    787  2  1  6  6  6  5  5  9  7  6  0  0  1
52    787  2  2  4  5  7  6  6  9  7  5  0  0  0
53    989  2  2  5  5  4  2  3  7  5  5  1  0  0
53    989  2  2  3  4  5  8  7  1  6  4  0  1  0
53    989  2  1  3  5  6  7  6  3  6  5  0  0  1
53    989  2  2  2  4  5  2  1  5  3  4  0  0  0
54    660  1  1  4  4  7  6  3  4  5  4  1  0  0
54    660  1  2  3  4  6  5  5  4  7  2  0  1  0
54    660  1  2  3  4  3  1  4  6  4  3  0  0  1
54    660  1  2  5  3  6  2  3  6  5  5  0  0  0
55    728  2  2  4  4  4  5  3  3  5  5  1  0  0
55    728  2  2  4  4  4  3  3  5  5  4  0  1  0
55    728  2  2  3  3  5  3  7  7  5  3  0  0  1
55    728  2  1  6  6  6  6  3  6  6  4  0  0  0
56    216  2  2  5  3  5  3  6  5  5  5  1  0  0
56    216  2  2  4  3  3  4  2  4  5  5  0  1  0
56    216  2  1  3  4  6  9  7  6  7  3  0  0  1
56    216  2  2  3  4  5  5  1  6  5  3  0  0  0
57    736  1  1  6  5  5  6  6  6  6  4  1  0  0
57    736  1  2  5  5  5  5  4  6  6  5  0  1  0
57    736  1  2  4  5  5  4  6  6  5  5  0  0  1
57    736  1  2  2  4  5  3  5  6  4  2  0  0  0
58    700  3  1  3  4  6  8  8  6  6  4  1  0  0
58    700  3  2  1  3  5  3  4  5  4  2  0  1  0
58    700  3  2  4  3  6  6  5  2  6  5  0  0  1
58    700  3  2  2  3  2  2  2  5  3  2  0  0  0
59     65  2  2  4  4  4  5  3  5  6  4  1  0  0
59     65  2  2  1  3  6  7  5  7  6  2  0  1  0
59     65  2  1  4  5  5  6  4  8  6  4  0  0  1
59     65  2  2  4  4  5  9  4  5  6  3  0  0  0
60    464  1  2  4  4  6  7  5  4  6  4  1  0  0
60    464  1  1  7  7  4  4  4  3  6  7  0  1  0
60    464  1  2  3  3  7  9  7  5  6  4  0  0  1
60    464  1  2  4  4  4  2  4  5  4  4  0  0  0
61    462  3  1  6  5  6  5  4  4  6  5  1  0  0
61    462  3  2  2  4  5  5  4  9  6  4  0  1  0
61    462  3  2  6  6  5  6  4  4  5  5  0  0  1
61    462  3  2  5  5  4  3  5  5  5  5  0  0  0
62    289  2  2  4  4  4  1  3  8  4  4  1  0  0
62    289  2  2  3  3  4  2  5  3  4  4  0  1  0
62    289  2  1  4  6  5  2  2  6  5  5  0  0  1
62    289  2  2  1  1  5  3  3  2  4  3  0  0  0
63    198  2  2  4  5  5  5  7  2  6  4  1  0  0
63    198  2  2  4  5  6  6  7  4  7  4  0  1  0
63    198  2  1  6  6  6  8  5  5  7  6  0  0  1
63    198  2  2  6  7  5  6  6  4  6  7  0  0  0
64    438  1  2  3  4  5  4  5  2  5  3  1  0  0
64    438  1  1  4  4  5  4  3  7  5  4  0  1  0
64    438  1  2  4  4  5  2  6  3  4  4  0  0  1
64    438  1  2  4  5  5  2  4  2  5  4  0  0  0
65    504  1  2  6  5  6  6  3  3  7  6  1  0  0
65    504  1  2  6  7  6  5  4  3  7  5  0  1  0
65    504  1  2  5  5  7  6  6  7  6  6  0  0  1
65    504  1  1  7  6  6  4  6  9  7  7  0  0  0
66   9793  3  2  3  4  6  5  8  5  6  4  1  0  0
66   9793  3  1  4  5  5  4  5  6  5  4  0  1  0
66   9793  3  2  4  4  4  5  5  2  5  5  0  0  1
66   9793  3  2  3  4  5  6  4  6  5  3  0  0  0
67    676  3  2  4  4  6  5  4  4  7  5  1  0  0
67    676  3  2  5  5  5  2  3  8  5  5  0  1  0
67    676  3  2  2  3  5  1  6  4  3  3  0  0  1
67    676  3  1  4  5  7  7  4  5  6  4  0  0  0
68     37  1  2  4  5  6  7  5  5  7  5  1  0  0
68     37  1  1  4  5  7  8  6  8  7  5  0  1  0
68     37  1  2  5  4  5  5  4  5  6  5  0  0  1
68     37  1  2  5  5  6  2  6  1  5  5  0  0  0
69    528  1  1  3  5  7  9  6  3  7  4  1  0  0
69    528  1  2  5  6  5  3  5  6  5  5  0  1  0
69    528  1  2  3  4  4  3  3  8  5  4  0  0  1
69    528  1  2  2  2  5  4  1  2  5  3  0  0  0
70    686  1  2  3  5  5  3  6  3  4  4  1  0  0
70    686  1  1  5  5  5  4  6  7  6  5  0  1  0
70    686  1  2  2  3  5  4  2  3  5  3  0  0  1
70    686  1  2  3  4  4  1  2  2  3  3  0  0  0
71    301  3  2  6  6  6  3  4  6  6  6  1  0  0
71    301  3  2  4  5  8  5  6  9  6  5  0  1  0
71    301  3  1  5  5  7  6  7  9  8  6  0  0  1
71    301  3  2  3  5  5  4  6  6  6  4  0  0  0
72    245  3  2  5  4  5  2  5  8  5  5  1  0  0
72    245  3  2  5  6  5  4  4  3  6  4  0  1  0
72    245  3  2  5  6  6  5  5  4  5  5  0  0  1
72    245  3  1  5  5  6  9  7  4  7  4  0  0  0
73    396  3  2  4  5  6  5  7  6  6  4  1  0  0
73    396  3  1  5  5  7  8  7  7  7  6  0  1  0
73    396  3  2  5  4  4  1  3  6  4  5  0  0  1
73    396  3  2  2  3  5  2  4  1  5  2  0  0  0
74   1219  1  2  3  3  6  7  6  9  6  4  1  0  0
74   1219  1  1  5  5  6  5  4  4  5  5  0  1  0
74   1219  1  2  3  4  5  3  1  8  4  3  0  0  1
74   1219  1  2  3  2  6  6  4  4  5  4  0  0  0
75    267  1  2  4  4  6  5  5  5  6  5  1  0  0
75    267  1  2  4  4  6  6  6  7  6  4  0  1  0
75    267  1  2  5  5  7  6  5  7  7  6  0  0  1
75    267  1  1  6  6  6  6  7  7  7  6  0  0  0
76    760  2  2  6  6  6  7  7  8  7  6  1  0  0
76    760  2  2  4  5  7  7  7  5  7  5  0  1  0
76    760  2  1  7  7  6  5  7  7  6  7  0  0  1
76    760  2  2  6  6  7  8  8  8  7  6  0  0  0
77    777  2  2  5  4  5  5  6  6  6  5  1  0  0
77    777  2  2  3  4  6  4  5  6  6  5  0  1  0
77    777  2  1  7  7  6  5  5  7  6  6  0  0  1
77    777  2  2  5  4  6  5  5  5  6  6  0  0  0
78    226  2  2  5  6  6  6  7  7  6  6  1  0  0
78    226  2  2  5  6  7  6  7  7  7  6  0  1  0
78    226  2  2  5  6  8  9  7  7  7  6  0  0  1
78    226  2  1  6  6  7  6  5  6  7  7  0  0  0
79    199  3  2  3  3  6  5  4  4  5  3  1  0  0
79    199  3  2  3  3  5  5  5  4  5  4  0  1  0
79    199  3  1  4  4  6  6  5  5  5  4  0  0  1
79    199  3  2  2  3  6  6  6  5  5  3  0  0  0
80    547  1  2  2  3  5  6  5  5  6  3  1  0  0
80    547  1  2  4  5  5  6  5  4  6  5  0  1  0
80    547  1  1  5  4  5  5  5  5  6  6  0  0  1
80    547  1  2  4  4  4  5  5  5  6  3  0  0  0
81    618  2  2  5  5  7  5  5  5  6  5  1  0  0
81    618  2  1  6  6  6  5  5  5  6  6  0  1  0
81    618  2  2  4  5  5  4  6  7  5  4  0  0  1
81    618  2  2  5  5  6  6  7  6  6  6  0  0  0
82    307  1  2  4  4  6  6  6  7  6  5  1  0  0
82    307  1  1  5  6  5  4  6  6  6  5  0  1  0
82    307  1  2  3  3  5  6  5  6  6  5  0  0  1
82    307  1  2  4  3  5  4  4  5  4  4  0  0  0
83    629  3  2  6  7  5  6  5  8  6  6  1  0  0
83    629  3  2  5  5  8  5  5  3  6  5  0  1  0
83    629  3  1  7  7  5  5  4  5  7  6  0  0  1
83    629  3  2  4  4  5  5  4  7  5  4  0  0  0
84   1404  3  2  5  7  7  8  7  7  7  6  1  0  0
84   1404  3  1  7  7  6  5  6  7  7  6  0  1  0
84   1404  3  2  4  5  7  7  7  5  7  5  0  0  1
84   1404  3  2  3  4  7  7  6  4  7  4  0  0  0
85     35  1  2  2  4  5  3  4  5  4  3  1  0  0
85     35  1  2  4  4  5  5  6  4  6  4  0  1  0
85     35  1  2  3  5  5  4  3  4  5  4  0  0  1
85     35  1  1  5  4  4  3  4  4  5  5  0  0  0
86    480  3  2  6  6  5  5  5  4  6  5  1  0  0
86    480  3  1  5  6  6  6  5  5  6  5  0  1  0
86    480  3  2  4  5  5  5  5  4  5  4  0  0  1
86    480  3  2  5  5  5  5  5  5  6  5  0  0  0
87    395  2  1  6  6  7  7  7  6  7  5  1  0  0
87    395  2  2  5  5  7  6  7  8  7  5  0  1  0
87    395  2  2  5  5  6  6  7  7  7  6  0  0  1
87    395  2  2  4  5  6  6  6  5  7  5  0  0  0
88    207  2  2  5  5  5  4  4  5  5  3  1  0  0
88    207  2  1  5  4  4  4  4  4  5  5  0  1  0
88    207  2  2  3  4  6  4  4  5  5  4  0  0  1
88    207  2  2  3  3  3  4  3  5  5  3  0  0  0
