    1    0    0    0    1
    2    0    0    0    1
    3    0    0    0    0
    4    0    0    0    0
    5    0    0    0    0
    6    0    0    0    0
    7    0    0    0    0
    8    0    0    0    0
    9    0    0    0    0
   10    0    0    1    1
   11    0    0    1    1
   12    0    0    1    1
   13    0    0    1    1
   14    0    0    1    1
   15    0    0    1    1
   16    0    0    1    1
   17    0    0    1    1
   18    0    0    1    1
   19    0    0    1    0
   20    0    0    1    0
   21    0    0    1    0
   22    0    0    1    0
   23    0    1    0    1
   24    0    1    0    1
   25    0    1    0    1
   26    0    1    0    1
   27    0    1    0    1
   28    0    1    0    1
   29    0    1    0    0
   30    0    1    0    0
   31    0    1    0    0
   32    0    1    0    0
   33    0    1    0    0
   34    0    1    0    0
   35    0    1    1    1
   36    0    1    1    1
   37    0    1    1    1
   38    0    1    1    1
   39    0    1    1    1
   40    0    1    1    1
   41    0    1    1    1
   42    0    1    1    1
   43    0    1    1    1
   44    0    1    1    1
   45    0    1    1    1
   46    0    1    1    1
   47    0    1    1    1
   48    0    1    1    1
   49    0    1    1    1
   50    0    1    1    1
   51    0    1    1    1
   52    0    1    1    0
   53    0    1    1    0
   54    0    1    1    0
   55    0    1    1    0
   56    1    0    0    0
   57    1    0    0    0
   58    1    0    0    0
   59    1    0    0    0
   60    1    0    0    0
   61    1    0    0    0
   62    1    0    0    0
   63    1    0    0    0
   64    1    0    0    0
   65    1    0    0    0
   66    1    0    0    0
   67    1    0    1    1
   68    1    1    0    1
   69    1    1    0    1
   70    1    1    0    1
   71    1    1    0    1
   72    1    1    0    1
   73    1    1    0    1
   74    1    1    0    1
   75    1    1    0    1
   76    1    1    0    1
   77    1    1    0    1
   78    1    1    0    1
   79    1    1    0    1
   80    1    1    0    1
   81    1    1    0    1
   82    1    1    0    0
   83    1    1    0    0
   84    1    1    0    0
   85    1    1    0    0
   86    1    1    0    0
   87    1    1    0    0
   88    1    1    0    0
   89    1    1    0    0
   90    1    1    0    0
   91    1    1    0    0
   92    1    1    0    0
   93    1    1    0    0
   94    1    1    0    0
   95    1    1    0    0
   96    1    1    1    1
   97    1    1    1    0
   98    1    1    1    0
   99    1    1    1    0
  100    1    1    1    0
