   1    18   4.33    16   4.33
   2    14   4.33    19   4.33
   3    13   4.33    17   4.33
   4    36   3.24    11   4.33
   5    38   3.24    15   4.33
   6    10   4.33    40   3.24
   7    12   4.33    46   3.24
   8    41   3.24    12   4.33
   9    40   3.24    15   4.33
  10    55   3.24    15   4.33
  11    10   4.33    66   3.26
  12    10   4.33    56   3.26
  13    54   3.24    20   4.33
  14    12   4.33    59   3.24
  15    11   4.33    64   3.24
  16    40   3.24    19   4.33
  17    53   3.24    21   4.33
  18    14   4.33    70   3.25
  19    78   3.15    20   4.33
  20    17   4.33    66   3.34
