   9 11 1 0.00 4.67 0 0 1 0 0   1
   9 11 2 0.62 4.98 0 0 0 1 0   1
   9 11 2 0.31 5.38 0 0 0 0 1   1
   9 11 2 0.00 4.98 0 0 0 0 0   1
   9 29 2 0.00 4.67 0 0 1 0 0   2
   9 29 1 0.62 4.67 1 0 0 1 0   2
   9 29 2 0.31 6.55 0 0 0 0 1   2
   9 29 2 0.00 4.98 0 0 0 0 0   2
   9 31 2 0.00 4.67 0 0 1 0 0   3
   9 31 1 0.62 4.98 0 0 0 1 0   3
   9 31 2 0.31 6.55 0 0 0 0 1   3
   9 31 2 0.00 4.98 0 0 0 0 0   3
   9 43 2 0.00 6.55 0 0 1 0 0   4
   9 43 1 0.62 3.81 0 0 0 1 0   4
   9 43 2 0.31 6.55 0 0 0 0 1   4
   9 43 2 0.00 4.67 0 0 0 0 0   4
   9 45 2 0.00 6.55 0 0 1 0 0   5
   9 45 1 0.62 4.67 0 0 0 1 0   5
   9 45 2 0.31 6.55 0 0 0 0 1   5
   9 45 2 0.00 4.67 0 0 0 0 0   5
   9 49 2 0.00 7.02 0 0 1 0 0   6
   9 49 1 0.62 4.67 0 0 0 1 0   6
   9 49 2 0.31 7.02 0 0 0 0 1   6
   9 49 2 0.00 5.45 0 0 0 0 0   6
   9 51 2 0.00 7.02 0 0 1 0 0   7
   9 51 1 0.62 4.67 0 0 0 1 0   7
   9 51 2 0.31 7.02 0 0 0 0 1   7
   9 51 2 0.00 5.45 0 0 0 0 0   7
  11  3 1 0.33 5.08 0 1 1 0 0   8
  11  3 2 0.50 4.22 0 0 0 1 0   8
  11  3 2 0.00 5.39 0 0 0 0 1   8
  11  3 2 0.17 5.02 0 1 0 0 0   8
  11 11 1 0.33 4.98 0 1 1 0 0   9
  11 11 2 0.50 4.22 0 0 0 1 0   9
  11 11 2 0.00 5.28 0 0 0 0 1   9
  11 11 2 0.17 4.89 0 0 0 0 0   9
  11 17 1 0.33 6.45 0 0 1 0 0  10
  11 17 2 0.50 4.89 0 0 0 1 0  10
  11 17 2 0.00 6.45 0 0 0 0 1  10
  11 17 2 0.17 4.89 0 0 0 0 0  10
  11 21 1 0.33 4.67 0 0 1 0 0  11
  11 21 2 0.50 4.98 0 0 0 1 0  11
  11 21 2 0.00 6.55 0 0 0 0 1  11
  11 21 2 0.17 4.98 0 0 0 0 0  11
  11 43 2 0.33 6.55 0 0 1 0 0  12
  11 43 1 0.50 4.67 0 0 0 1 0  12
  11 43 2 0.00 6.55 0 0 0 0 1  12
  11 43 2 0.17 4.67 0 0 0 0 0  12
  12  9 2 0.00 5.28 0 0 1 0 0  13
  12  9 2 0.00 4.44 0 0 0 1 0  13
  12  9 1 0.86 5.28 0 0 0 0 1  13
  12  9 2 0.14 4.89 0 0 0 0 0  13
  12 15 2 0.00 5.28 0 0 1 0 0  14
  12 15 2 0.00 4.89 0 0 0 1 0  14
  12 15 1 0.86 6.45 0 0 0 0 1  14
  12 15 2 0.14 6.45 0 0 0 0 0  14
  12 19 2 0.00 6.45 0 0 1 0 0  15
  12 19 2 0.00 4.89 0 0 0 1 0  15
  12 19 1 0.86 6.45 0 0 0 0 1  15
  12 19 2 0.14 6.45 0 0 0 0 0  15
  12 23 2 0.00 6.45 0 0 1 0 0  16
  12 23 2 0.00 4.89 0 0 0 1 0  16
  12 23 1 0.86 6.45 0 0 0 0 1  16
  12 23 2 0.14 6.45 0 0 0 0 0  16
  12 31 2 0.00 4.98 0 0 1 0 0  17
  12 31 2 0.00 4.89 0 1 0 1 0  17
  12 31 1 0.86 6.45 0 0 0 0 1  17
  12 31 2 0.14 4.67 0 0 0 0 0  17
  12 40 2 0.00 6.45 0 0 1 0 0  18
  12 40 2 0.00 4.52 0 1 0 1 0  18
  12 40 1 0.86 5.45 0 1 0 0 1  18
  12 40 2 0.14 4.67 0 0 0 0 0  18
  12 45 2 0.00 6.45 0 0 1 0 0  19
  12 45 2 0.00 4.67 0 1 0 1 0  19
  12 45 1 0.86 5.45 0 0 0 0 1  19
  12 45 2 0.14 6.45 0 0 0 0 0  19
  12 50 2 0.00 6.95 0 0 1 0 0  20
  12 50 2 0.00 4.67 0 0 0 1 0  20
  12 50 1 0.86 6.95 0 0 0 0 1  20
  12 50 2 0.14 6.95 0 0 0 0 0  20
  15  9 2 0.00 5.30 0 0 1 0 0  21
  15  9 1 1.00 4.98 0 0 0 1 0  21
  15  9 2 0.00 5.38 0 0 0 0 1  21
  15  9 2 0.00 4.98 0 0 0 0 0  21
  15 10 2 0.00 6.45 0 0 1 0 0  22
  15 10 1 1.00 4.20 1 0 0 1 0  22
  15 10 2 0.00 5.28 0 0 0 0 1  22
  15 10 2 0.00 4.89 0 0 0 0 0  22
  15 10 2 0.00 6.45 0 0 1 0 0  23
  15 10 1 1.00 4.20 1 0 0 1 0  23
  15 10 2 0.00 5.28 0 0 0 0 1  23
  15 10 2 0.00 4.89 0 0 0 0 0  23
  15 19 2 0.00 4.67 0 0 1 0 0  24
  15 19 1 1.00 4.98 0 0 0 1 0  24
  15 19 2 0.00 6.55 0 0 0 0 1  24
  15 19 2 0.00 4.98 0 0 0 0 0  24
  15 27 2 0.00 4.67 0 0 1 0 0  25
  15 27 1 1.00 4.98 0 0 0 1 0  25
  15 27 2 0.00 6.55 0 0 0 0 1  25
  15 27 2 0.00 4.98 0 0 0 0 0  25
  15 49 2 0.00 6.95 0 0 1 0 0  26
  15 49 1 1.00 3.89 0 0 0 1 0  26
  15 49 2 0.00 6.95 0 0 0 0 1  26
  15 49 2 0.00 5.39 0 0 0 0 0  26
  16  1 2 0.00 6.45 0 0 1 0 0  27
  16  1 1 0.18 3.89 1 1 0 1 0  27
  16  1 2 0.59 6.45 0 0 0 0 1  27
  16  1 2 0.14 6.45 0 0 0 0 0  27
  16  3 2 0.00 6.45 0 0 1 0 0  28
  16  3 1 0.18 4.36 0 1 0 1 0  28
  16  3 2 0.59 6.45 0 0 0 0 1  28
  16  3 2 0.14 6.45 0 0 0 0 0  28
  16  6 2 0.00 5.28 0 0 1 0 0  29
  16  6 1 0.18 4.36 0 0 0 1 0  29
  16  6 2 0.59 5.28 0 0 0 0 1  29
  16  6 2 0.14 4.89 0 0 0 0 0  29
  16 17 2 0.00 6.45 0 0 1 0 0  30
  16 17 2 0.18 4.89 0 0 0 1 0  30
  16 17 2 0.59 5.28 0 0 0 0 1  30
  16 17 1 0.14 4.89 0 0 0 0 0  30
  16 50 2 0.00 6.95 0 0 1 0 0  31
  16 50 1 0.18 3.58 0 0 0 1 0  31
  16 50 2 0.59 6.95 0 0 0 0 1  31
  16 50 2 0.14 5.39 0 0 0 0 0  31
  21 30 2 0.00 4.98 1 0 1 0 0  32
  21 30 1 1.00 4.89 0 1 0 1 0  32
  21 30 2 0.00 6.45 0 0 0 0 1  32
  21 30 2 0.00 6.45 0 0 0 0 0  32
  21 32 2 0.00 5.38 0 0 1 0 0  33
  21 32 1 1.00 4.98 0 0 0 1 0  33
  21 32 2 0.00 5.45 0 0 0 0 1  33
  21 32 2 0.00 6.55 0 0 0 0 0  33
  21 41 2 0.00 6.55 0 0 1 0 0  34
  21 41 1 1.00 3.81 1 1 0 1 0  34
  21 41 2 0.00 5.45 0 0 0 0 1  34
  21 41 2 0.00 4.67 0 0 0 0 0  34
  21 41 2 0.00 6.55 0 0 1 0 0  35
  21 41 1 1.00 3.81 1 1 0 1 0  35
  21 41 2 0.00 5.45 0 0 0 0 1  35
  21 41 2 0.00 4.67 0 0 0 0 0  35
  21 42 2 0.00 6.55 0 0 1 0 0  36
  21 42 1 1.00 3.81 0 0 0 1 0  36
  21 42 2 0.00 5.45 0 0 0 0 1  36
  21 42 2 0.00 6.55 0 0 0 0 0  36
  21 47 2 0.00 6.97 0 0 1 0 0  37
  21 47 1 1.00 3.88 1 0 0 1 0  37
  21 47 2 0.00 7.00 0 0 0 0 1  37
  21 47 2 0.00 5.41 0 0 0 0 0  37
  21 50 2 0.00 7.02 0 0 1 0 0  38
  21 50 1 1.00 4.67 0 0 0 1 0  38
  21 50 2 0.00 7.02 0 0 0 0 1  38
  21 50 2 0.00 5.45 0 0 0 0 0  38
  34  5 1 1.00 5.39 0 0 1 0 0  39
  34  5 2 0.00 5.27 0 0 0 1 0  39
  34  5 2 0.00 5.39 0 0 0 0 1  39
  34  5 2 0.00 5.02 0 1 0 0 0  39
  34  7 1 1.00 5.39 0 1 1 0 0  40
  34  7 2 0.00 5.03 0 0 0 1 0  40
  34  7 2 0.00 5.39 0 0 0 0 1  40
  34  7 2 0.00 5.02 0 0 0 0 0  40
  34 12 1 1.00 5.39 0 0 1 0 0  41
  34 12 2 0.00 5.24 0 0 0 1 0  41
  34 12 2 0.00 6.94 0 0 0 0 1  41
  34 12 2 0.00 5.01 0 0 0 0 0  41
  34 15 1 1.00 5.39 0 0 1 0 0  42
  34 15 2 0.00 5.03 0 0 0 1 0  42
  34 15 2 0.00 4.03 0 0 0 0 1  42
  34 15 2 0.00 6.63 0 0 0 0 0  42
  34 24 1 1.00 5.39 0 0 1 0 0  43
  34 24 2 0.00 5.03 0 0 0 1 0  43
  34 24 2 0.00 6.56 0 0 0 0 1  43
  34 24 2 0.00 5.06 0 0 0 0 0  43
  34 27 1 1.00 5.39 0 0 1 0 0  44
  34 27 2 0.00 5.03 0 0 0 1 0  44
  34 27 2 0.00 6.56 0 0 0 0 1  44
  34 27 2 0.00 5.06 0 0 0 0 0  44
  34 31 1 1.00 5.39 0 0 1 0 0  45
  34 31 2 0.00 5.03 0 0 0 1 0  45
  34 31 2 0.00 6.56 0 0 0 0 1  45
  34 31 2 0.00 6.63 0 0 0 0 0  45
  34 33 1 1.00 5.39 0 0 1 0 0  46
  34 33 2 0.00 5.03 0 0 0 1 0  46
  34 33 2 0.00 6.56 0 0 0 0 1  46
  34 33 2 0.00 6.63 0 0 0 0 0  46
  34 42 1 1.00 6.56 0 0 1 0 0  47
  34 42 2 0.00 4.22 0 1 0 1 0  47
  34 42 2 0.00 4.75 0 0 0 0 1  47
  34 42 2 0.00 3.88 0 0 0 0 0  47
  42  2 1 0.00 4.73 0 1 1 0 0  48
  42  2 2 0.27 5.27 0 0 0 1 0  48
  42  2 2 0.00 5.11 0 0 0 0 1  48
  42  2 2 0.73 5.02 0 0 0 0 0  48
  42  2 2 0.00 4.73 0 1 1 0 0  49
  42  2 2 0.27 5.27 0 0 0 1 0  49
  42  2 2 0.00 5.11 0 0 0 0 1  49
  42  2 1 0.73 5.02 0 0 0 0 0  49
  42  3 2 0.00 5.39 0 1 1 0 0  50
  42  3 2 0.27 5.27 0 0 0 1 0  50
  42  3 2 0.00 5.39 0 0 0 0 1  50
  42  3 1 0.73 5.02 0 0 0 0 0  50
  42  6 2 0.00 5.39 0 1 1 0 0  51
  42  6 2 0.27 5.27 0 0 0 1 0  51
  42  6 2 0.00 5.39 0 0 0 0 1  51
  42  6 1 0.73 5.02 0 1 0 0 0  51
  42  8 1 0.00 5.28 0 0 1 0 0  52
  42  8 2 0.27 4.36 0 1 0 1 0  52
  42  8 2 0.00 5.28 0 0 0 0 1  52
  42  8 2 0.73 4.89 0 0 0 0 0  52
  42 10 2 0.00 5.39 0 1 1 0 0  53
  42 10 2 0.27 5.03 0 0 0 1 0  53
  42 10 2 0.00 5.39 0 0 0 0 1  53
  42 10 1 0.73 5.02 0 1 0 0 0  53
  42 11 2 0.00 5.39 0 1 1 0 0  54
  42 11 2 0.27 5.03 0 0 0 1 0  54
  42 11 2 0.00 5.39 0 0 0 0 1  54
  42 11 1 0.73 5.02 0 0 0 0 0  54
  42 36 2 0.00 5.39 0 0 1 0 0  55
  42 36 2 0.27 5.03 0 0 0 1 0  55
  42 36 2 0.00 3.78 0 0 0 0 1  55
  42 36 1 0.73 3.88 0 0 0 0 0  55
  42 42 2 0.00 6.56 0 0 1 0 0  56
  42 42 2 0.27 4.22 0 1 0 1 0  56
  42 42 2 0.00 4.75 0 0 0 0 1  56
  42 42 1 0.73 3.88 0 0 0 0 0  56
  42 50 2 0.00 6.95 0 0 1 0 0  57
  42 50 1 0.27 3.58 0 0 0 1 0  57
  42 50 2 0.00 6.95 0 0 0 0 1  57
  42 50 2 0.73 5.39 0 0 0 0 0  57
  43  3 1 0.33 5.28 0 1 1 0 0  58
  43  3 2 0.33 4.22 0 0 0 1 0  58
  43  3 2 0.00 6.45 0 0 0 0 1  58
  43  3 2 0.33 4.89 0 0 0 0 0  58
  43  4 1 0.33 5.28 0 1 1 0 0  59
  43  4 2 0.33 4.22 0 0 0 1 0  59
  43  4 2 0.00 6.45 0 0 0 0 1  59
  43  4 2 0.33 4.89 0 0 0 0 0  59
  43 11 1 0.33 4.98 0 1 1 0 0  60
  43 11 2 0.33 4.22 0 0 0 1 0  60
  43 11 2 0.00 5.28 0 0 0 0 1  60
  43 11 2 0.33 4.89 0 0 0 0 0  60
  43 11 1 0.33 4.98 0 1 1 0 0  61
  43 11 2 0.33 4.22 0 0 0 1 0  61
  43 11 2 0.00 5.28 0 0 0 0 1  61
  43 11 2 0.33 4.89 0 0 0 0 0  61
  46  2 2 0.00 5.08 0 1 1 0 0  62
  46  2 2 0.00 4.67 0 1 0 1 0  62
  46  2 2 0.16 5.06 0 0 0 0 1  62
  46  2 1 0.79 4.67 0 0 0 0 0  62
  46  6 2 0.00 6.45 0 0 1 0 0  63
  46  6 2 0.00 4.36 0 1 0 1 0  63
  46  6 2 0.16 6.45 0 0 0 0 1  63
  46  6 1 0.79 4.89 0 0 0 0 0  63
  46  7 2 0.00 5.28 0 0 1 0 0  64
  46  7 2 0.00 4.36 0 0 0 1 0  64
  46  7 2 0.16 6.45 0 0 0 0 1  64
  46  7 1 0.79 6.45 0 0 0 0 0  64
  46 10 2 0.00 5.28 0 0 1 0 0  65
  46 10 2 0.00 4.20 1 0 0 1 0  65
  46 10 2 0.16 5.28 0 0 0 0 1  65
  46 10 1 0.79 6.45 0 0 0 0 0  65
  46 37 2 0.00 6.55 0 0 1 0 0  66
  46 37 2 0.00 6.55 0 0 0 1 0  66
  46 37 2 0.16 4.67 1 1 0 0 1  66
  46 37 1 0.79 3.88 0 0 0 0 0  66
  46 44 2 0.00 6.55 0 0 1 0 0  67
  46 44 2 0.00 4.67 0 0 0 1 0  67
  46 44 2 0.16 5.45 0 0 0 0 1  67
  46 44 1 0.79 6.55 0 0 0 0 0  67
  46 46 2 0.00 6.55 0 0 1 0 0  68
  46 46 2 0.00 4.67 0 0 0 1 0  68
  46 46 2 0.16 5.45 0 0 0 0 1  68
  46 46 1 0.79 4.98 0 0 0 0 0  68
  46 48 2 0.00 6.97 0 0 1 0 0  69
  46 48 2 0.00 3.88 0 0 0 1 0  69
  46 48 2 0.16 7.00 0 0 0 0 1  69
  46 48 1 0.79 5.41 0 0 0 0 0  69
  96 30 2 0.00 4.98 1 0 1 0 0  70
  96 30 2 0.00 4.67 0 1 0 1 0  70
  96 30 1 0.72 6.45 0 0 0 0 1  70
  96 30 2 0.22 4.67 0 0 0 0 0  70
  96 33 2 0.00 6.45 0 0 1 0 0  71
  96 33 2 0.00 4.89 0 0 0 1 0  71
  96 33 1 0.72 5.45 0 0 0 0 1  71
  96 33 2 0.22 4.20 0 0 0 0 0  71
  96 36 2 0.00 6.45 0 0 1 0 0  72
  96 36 2 0.00 4.89 0 0 0 1 0  72
  96 36 1 0.72 5.45 0 1 0 0 1  72
  96 36 2 0.22 4.67 0 0 0 0 0  72
  96 39 2 0.00 6.45 0 0 1 0 0  73
  96 39 2 0.00 4.52 1 1 0 1 0  73
  96 39 1 0.72 5.45 0 0 0 0 1  73
  96 39 2 0.22 4.67 0 0 0 0 0  73
  96 42 2 0.00 6.45 0 0 1 0 0  74
  96 42 2 0.00 4.67 0 1 0 1 0  74
  96 42 1 0.72 5.45 0 0 0 0 1  74
  96 42 2 0.22 4.67 0 0 0 0 0  74
  96 48 2 0.00 6.95 0 0 1 0 0  75
  96 48 2 0.00 3.89 1 1 0 1 0  75
  96 48 1 0.72 6.95 0 0 0 0 1  75
  96 48 2 0.22 4.89 0 0 0 0 0  75
  96 51 2 0.00 6.95 0 0 1 0 0  76
  96 51 2 0.00 4.67 0 0 0 1 0  76
  96 51 1 0.72 6.95 0 0 0 0 1  76
  96 51 2 0.22 5.39 0 0 0 0 0  76
 113  1 2 0.00 6.45 0 0 1 0 0  77
 113  1 2 0.00 3.89 1 1 0 1 0  77
 113  1 1 1.00 6.45 0 0 0 0 1  77
 113  1 2 0.00 6.45 0 0 0 0 0  77
 113 10 2 0.00 6.55 0 0 1 0 0  78
 113 10 2 0.00 4.98 0 0 0 1 0  78
 113 10 1 1.00 5.38 0 0 0 0 1  78
 113 10 2 0.00 4.98 0 0 0 0 0  78
 113 39 2 0.00 6.45 0 0 1 0 0  79
 113 39 2 0.00 4.52 1 1 0 1 0  79
 113 39 1 1.00 5.45 0 0 0 0 1  79
 113 39 2 0.00 4.67 0 0 0 0 0  79
 113 52 2 0.00 6.95 0 0 1 0 0  80
 113 52 2 0.00 4.95 0 0 0 1 0  80
 113 52 1 1.00 6.95 0 0 0 0 1  80
 113 52 2 0.00 5.39 0 0 0 0 0  80
 119 15 2 0.00 5.43 0 0 1 0 0  81
 119 15 1 1.00 4.89 0 0 0 1 0  81
 119 15 2 0.00 6.94 0 0 0 0 1  81
 119 15 2 0.00 6.45 0 0 0 0 0  81
 119 19 2 0.00 6.45 0 0 1 0 0  82
 119 19 1 1.00 4.89 0 0 0 1 0  82
 119 19 2 0.00 6.45 0 0 0 0 1  82
 119 19 2 0.00 4.89 0 0 0 0 0  82
 119 29 2 0.00 6.45 0 0 1 0 0  83
 119 29 1 1.00 4.67 0 0 0 1 0  83
 119 29 2 0.00 6.45 0 0 0 0 1  83
 119 29 2 0.00 4.67 0 0 0 0 0  83
 119 34 1 0.00 6.45 0 0 1 0 0  84
 119 34 2 1.00 4.89 0 0 0 1 0  84
 119 34 2 0.00 5.45 0 0 0 0 1  84
 119 34 2 0.00 4.67 0 0 0 0 0  84
 119 34 2 0.00 6.45 0 0 1 0 0  85
 119 34 1 1.00 4.89 0 0 0 1 0  85
 119 34 2 0.00 5.45 0 0 0 0 1  85
 119 34 2 0.00 4.67 0 0 0 0 0  85
 119 43 2 0.00 6.45 0 0 1 0 0  86
 119 43 1 1.00 4.67 0 1 0 1 0  86
 119 43 2 0.00 5.45 0 0 0 0 1  86
 119 43 2 0.00 4.67 0 0 0 0 0  86
 119 45 2 0.00 6.45 0 0 1 0 0  87
 119 45 1 1.00 4.67 0 0 0 1 0  87
 119 45 2 0.00 6.45 0 0 0 0 1  87
 119 45 2 0.00 4.89 0 0 0 0 0  87
 130  1 1 0.18 5.08 1 1 1 0 0  88
 130  1 2 0.27 4.33 0 0 0 1 0  88
 130  1 2 0.27 6.45 0 0 0 0 1  88
 130  1 2 0.18 4.67 0 0 0 0 0  88
 130  5 2 0.18 5.38 0 1 1 0 0  89
 130  5 1 0.27 4.67 0 0 0 1 0  89
 130  5 2 0.27 5.28 0 0 0 0 1  89
 130  5 2 0.18 4.67 1 1 0 0 0  89
 130  6 2 0.18 5.08 0 0 1 0 0  90
 130  6 2 0.27 4.67 0 0 0 1 0  90
 130  6 2 0.27 5.28 0 0 0 0 1  90
 130  6 1 0.18 4.67 1 0 0 0 0  90
 130 10 2 0.18 6.55 0 0 1 0 0  91
 130 10 2 0.27 4.98 0 0 0 1 0  91
 130 10 2 0.27 5.38 0 0 0 0 1  91
 130 10 1 0.18 4.98 0 0 0 0 0  91
 132  6 2 0.00 5.08 0 0 1 0 0  92
 132  6 2 0.00 4.67 0 0 0 1 0  92
 132  6 2 0.00 5.28 0 0 0 0 1  92
 132  6 1 1.00 4.67 1 0 0 0 0  92
 132 32 2 0.00 6.45 0 0 1 0 0  93
 132 32 2 0.00 4.86 0 0 0 1 0  93
 132 32 2 0.00 6.45 0 0 0 0 1  93
 132 32 1 1.00 4.20 1 1 0 0 0  93
 132 41 2 0.00 6.55 0 0 1 0 0  94
 132 41 1 0.00 3.81 1 1 0 1 0  94
 132 41 2 0.00 5.45 0 0 0 0 1  94
 132 41 2 1.00 4.67 0 0 0 0 0  94
 132 47 2 0.00 6.97 0 0 1 0 0  95
 132 47 1 0.00 3.88 1 0 0 1 0  95
 132 47 2 0.00 7.00 0 0 0 0 1  95
 132 47 2 1.00 5.41 0 0 0 0 0  95
 147  2 1 0.82 5.08 0 1 1 0 0  96
 147  2 2 0.00 4.67 0 0 0 1 0  96
 147  2 2 0.00 6.55 0 0 0 0 1  96
 147  2 2 0.09 4.89 0 0 0 0 0  96
 147  8 1 0.82 5.14 1 1 1 0 0  97
 147  8 2 0.00 4.67 0 0 0 1 0  97
 147  8 2 0.00 5.28 0 0 0 0 1  97
 147  8 2 0.09 4.98 0 0 0 0 0  97
 147 11 1 0.82 5.08 0 0 1 0 0  98
 147 11 2 0.00 4.94 0 0 0 1 0  98
 147 11 2 0.00 5.19 0 0 0 0 1  98
 147 11 2 0.09 4.93 0 0 0 0 0  98
 147 21 1 0.82 4.67 0 0 1 0 0  99
 147 21 2 0.00 4.98 0 0 0 1 0  99
 147 21 2 0.00 6.55 0 0 0 0 1  99
 147 21 2 0.09 4.98 0 0 0 0 0  99
 147 35 1 0.82 6.45 0 0 1 0 0 100
 147 35 2 0.00 4.86 0 0 0 1 0 100
 147 35 2 0.00 5.45 0 0 0 0 1 100
 147 35 2 0.09 4.67 0 1 0 0 0 100
 154  1 1 0.05 5.08 1 1 1 0 0 101
 154  1 2 0.95 4.33 0 0 0 1 0 101
 154  1 2 0.00 6.55 0 0 0 0 1 101
 154  1 2 0.00 4.98 0 0 0 0 0 101
 154  4 2 0.05 4.67 0 1 1 0 0 102
 154  4 1 0.95 4.67 0 0 0 1 0 102
 154  4 2 0.00 5.28 0 0 0 0 1 102
 154  4 2 0.00 4.98 0 0 0 0 0 102
 154  7 2 0.05 4.67 0 0 1 0 0 103
 154  7 2 0.95 4.67 0 0 0 1 0 103
 154  7 2 0.00 5.28 0 0 0 0 1 103
 154  7 1 0.00 4.42 0 0 0 0 0 103
 154 11 2 0.05 4.67 0 0 1 0 0 104
 154 11 1 0.95 4.98 0 0 0 1 0 104
 154 11 2 0.00 5.38 0 0 0 0 1 104
 154 11 2 0.00 4.98 0 0 0 0 0 104
 154 17 2 0.05 5.38 0 0 1 0 0 105
 154 17 2 0.95 4.98 0 0 0 1 0 105
 154 17 2 0.00 6.55 0 0 0 0 1 105
 154 17 1 0.00 4.98 0 0 0 0 0 105
 154 21 2 0.05 4.67 0 0 1 0 0 106
 154 21 1 0.95 4.98 0 0 0 1 0 106
 154 21 2 0.00 6.55 0 0 0 0 1 106
 154 21 2 0.00 4.98 0 0 0 0 0 106
 154 39 2 0.05 6.55 0 0 1 0 0 107
 154 39 1 0.95 4.98 0 0 0 1 0 107
 154 39 2 0.00 4.67 1 0 0 0 1 107
 154 39 2 0.00 4.67 0 0 0 0 0 107
 154 40 2 0.05 6.55 0 0 1 0 0 108
 154 40 1 0.95 4.67 0 0 0 1 0 108
 154 40 2 0.00 4.67 0 0 0 0 1 108
 154 40 2 0.00 4.67 0 0 0 0 0 108
 154 42 2 0.05 6.55 0 0 1 0 0 109
 154 42 1 0.95 3.81 0 1 0 1 0 109
 154 42 2 0.00 5.45 0 0 0 0 1 109
 154 42 2 0.00 4.67 0 0 0 0 0 109
 154 47 2 0.05 7.02 0 0 1 0 0 110
 154 47 1 0.95 3.88 1 0 0 1 0 110
 154 47 2 0.00 7.02 0 0 0 0 1 110
 154 47 2 0.00 5.45 0 0 0 0 0 110
 154 49 2 0.05 7.02 0 0 1 0 0 111
 154 49 1 0.95 4.67 0 0 0 1 0 111
 154 49 2 0.00 7.02 0 0 0 0 1 111
 154 49 2 0.00 5.45 0 0 0 0 0 111
 154 50 2 0.05 7.02 0 0 1 0 0 112
 154 50 1 0.95 4.67 0 0 0 1 0 112
 154 50 2 0.00 7.02 0 0 0 0 1 112
 154 50 2 0.00 5.45 0 0 0 0 0 112
 156  1 1 0.00 5.08 1 1 1 0 0 113
 156  1 2 0.50 4.33 0 0 0 1 0 113
 156  1 2 0.33 6.55 0 0 0 0 1 113
 156  1 2 0.17 4.89 0 0 0 0 0 113
 156  2 2 0.00 6.45 0 0 1 0 0 114
 156  2 1 0.50 3.89 0 1 0 1 0 114
 156  2 2 0.33 6.45 0 0 0 0 1 114
 156  2 2 0.17 4.89 0 0 0 0 0 114
 156  4 1 0.00 4.67 1 1 1 0 0 115
 156  4 2 0.50 4.77 0 1 0 1 0 115
 156  4 2 0.33 5.06 0 0 0 0 1 115
 156  4 2 0.17 4.77 0 0 0 0 0 115
 156 10 2 0.00 6.45 0 0 1 0 0 116
 156 10 1 0.50 4.20 1 0 0 1 0 116
 156 10 2 0.33 5.28 0 0 0 0 1 116
 156 10 2 0.17 4.89 0 0 0 0 0 116
 156 28 2 0.00 6.45 0 0 1 0 0 117
 156 28 1 0.50 4.67 1 1 0 1 0 117
 156 28 2 0.33 6.45 0 0 0 0 1 117
 156 28 2 0.17 4.89 0 0 0 0 0 117
 156 40 2 0.00 6.45 0 0 1 0 0 118
 156 40 1 0.50 4.52 0 0 0 1 0 118
 156 40 2 0.33 5.45 0 0 0 0 1 118
 156 40 2 0.17 4.67 0 0 0 0 0 118
 157  3 2 0.00 5.28 0 1 1 0 0 119
 157  3 1 0.83 4.22 0 0 0 1 0 119
 157  3 2 0.17 6.45 0 0 0 0 1 119
 157  3 2 0.00 4.89 0 0 0 0 0 119
 157  7 2 0.00 5.08 0 0 1 0 0 120
 157  7 1 0.83 4.67 0 0 0 1 0 120
 157  7 2 0.17 5.28 0 0 0 0 1 120
 157  7 2 0.00 4.98 0 0 0 0 0 120
 157 26 2 0.00 6.45 0 0 1 0 0 121
 157 26 1 0.83 4.89 0 0 0 1 0 121
 157 26 2 0.17 6.45 0 0 0 0 1 121
 157 26 2 0.00 4.89 0 0 0 0 0 121
 157 32 2 0.00 5.38 0 0 1 0 0 122
 157 32 1 0.83 4.98 0 0 0 1 0 122
 157 32 2 0.17 5.45 0 0 0 0 1 122
 157 32 2 0.00 6.55 0 0 0 0 0 122
 160  3 1 1.00 4.67 0 1 1 0 0 123
 160  3 2 0.00 4.67 0 0 0 1 0 123
 160  3 2 0.00 5.28 0 0 0 0 1 123
 160  3 2 0.00 4.98 0 0 0 0 0 123
 160 11 1 1.00 4.67 0 0 1 0 0 124
 160 11 2 0.00 4.98 0 0 0 1 0 124
 160 11 2 0.00 5.38 0 0 0 0 1 124
 160 11 2 0.00 4.98 0 0 0 0 0 124
 160 14 1 1.00 4.67 0 0 1 0 0 125
 160 14 2 0.00 4.67 0 0 0 1 0 125
 160 14 2 0.00 6.55 0 0 0 0 1 125
 160 14 2 0.00 6.55 0 0 0 0 0 125
 160 19 1 1.00 4.67 0 0 1 0 0 126
 160 19 2 0.00 4.98 0 0 0 1 0 126
 160 19 2 0.00 6.55 0 0 0 0 1 126
 160 19 2 0.00 4.98 0 0 0 0 0 126
 164  1 1 0.00 5.08 0 1 1 0 0 127
 164  1 2 1.00 4.22 1 1 0 1 0 127
 164  1 2 0.00 6.45 0 0 0 0 1 127
 164  1 2 0.00 4.89 0 0 0 0 0 127
 164 23 2 0.00 4.67 0 0 1 0 0 128
 164 23 1 1.00 4.98 0 0 0 1 0 128
 164 23 2 0.00 6.55 0 0 0 0 1 128
 164 23 2 0.00 4.98 0 0 0 0 0 128
 164 36 2 0.00 5.38 0 0 1 0 0 129
 164 36 1 1.00 4.98 0 0 0 1 0 129
 164 36 2 0.00 5.45 0 0 0 0 1 129
 164 36 2 0.00 3.88 1 1 0 0 0 129
 164 50 2 0.00 6.95 0 0 1 0 0 130
 164 50 1 1.00 3.58 0 0 0 1 0 130
 164 50 2 0.00 6.95 0 0 0 0 1 130
 164 50 2 0.00 5.39 0 0 0 0 0 130
 166  2 2 0.46 6.45 0 0 1 0 0 131
 166  2 1 0.27 3.89 0 1 0 1 0 131
 166  2 2 0.27 6.45 0 0 0 0 1 131
 166  2 2 0.00 6.45 0 0 0 0 0 131
 166  3 2 0.46 6.45 0 0 1 0 0 132
 166  3 1 0.27 4.36 0 1 0 1 0 132
 166  3 2 0.27 6.95 0 0 0 0 1 132
 166  3 2 0.00 6.45 0 0 0 0 0 132
 166  4 1 0.46 6.45 0 0 1 0 0 133
 166  4 2 0.27 4.36 0 1 0 1 0 133
 166  4 2 0.27 6.45 0 0 0 0 1 133
 166  4 2 0.00 6.45 0 0 0 0 0 133
 166  5 2 0.46 6.45 0 0 1 0 0 134
 166  5 1 0.27 4.36 0 0 0 1 0 134
 166  5 2 0.27 6.45 0 0 0 0 1 134
 166  5 2 0.00 6.45 0 0 0 0 0 134
 166 31 1 0.46 4.98 0 0 1 0 0 135
 166 31 2 0.27 4.89 0 0 0 1 0 135
 166 31 2 0.27 6.45 0 0 0 0 1 135
 166 31 2 0.00 4.67 0 0 0 0 0 135
 168 27 2 0.00 6.45 0 0 1 0 0 136
 168 27 2 0.00 4.98 0 0 0 1 0 136
 168 27 1 1.00 6.45 0 0 0 0 1 136
 168 27 2 0.00 6.45 0 0 0 0 0 136
 168 30 2 0.00 4.98 1 0 1 0 0 137
 168 30 1 0.00 4.67 0 1 0 1 0 137
 168 30 2 1.00 6.45 0 0 0 0 1 137
 168 30 2 0.00 4.67 0 0 0 0 0 137
 168 43 2 0.00 6.45 0 0 1 0 0 138
 168 43 2 0.00 4.67 0 0 0 1 0 138
 168 43 1 1.00 6.45 0 0 0 0 1 138
 168 43 2 0.00 6.45 0 0 0 0 0 138
 168 52 2 0.00 6.95 0 0 1 0 0 139
 168 52 2 0.00 4.95 0 0 0 1 0 139
 168 52 1 1.00 6.95 0 0 0 0 1 139
 168 52 2 0.00 5.39 0 0 0 0 0 139
 171  7 1 0.36 5.28 0 0 1 0 0 140
 171  7 2 0.64 4.36 0 0 0 1 0 140
 171  7 2 0.00 5.28 0 0 0 0 1 140
 171  7 2 0.00 4.89 0 0 0 0 0 140
 171  7 2 0.36 5.28 0 0 1 0 0 141
 171  7 1 0.64 4.36 0 0 0 1 0 141
 171  7 2 0.00 5.28 0 0 0 0 1 141
 171  7 2 0.00 4.89 0 0 0 0 0 141
 171 11 1 0.36 5.28 0 0 1 0 0 142
 171 11 2 0.64 4.20 0 0 0 1 0 142
 171 11 2 0.00 5.28 0 0 0 0 1 142
 171 11 2 0.00 6.45 0 0 0 0 0 142
 171 16 2 0.36 6.45 0 0 1 0 0 143
 171 16 1 0.64 4.67 0 0 0 1 0 143
 171 16 2 0.00 6.45 0 0 0 0 1 143
 171 16 2 0.00 6.45 0 0 0 0 0 143
 171 45 1 0.36 6.45 0 0 1 0 0 144
 171 45 2 0.64 4.67 0 0 0 1 0 144
 171 45 2 0.00 6.45 0 0 0 0 1 144
 171 45 2 0.00 4.89 0 0 0 0 0 144
 179  2 2 0.00 6.45 0 0 1 0 0 145
 179  2 1 0.64 3.89 0 1 0 1 0 145
 179  2 2 0.09 6.45 0 0 0 0 1 145
 179  2 2 0.27 6.45 0 0 0 0 0 145
 179 29 2 0.00 4.67 0 0 1 0 0 146
 179 29 1 0.64 4.67 1 0 0 1 0 146
 179 29 2 0.09 6.55 0 0 0 0 1 146
 179 29 2 0.27 4.98 0 0 0 0 0 146
 179 41 2 0.00 6.55 0 0 1 0 0 147
 179 41 1 0.64 3.81 1 1 0 1 0 147
 179 41 2 0.09 5.45 0 0 0 0 1 147
 179 41 2 0.27 4.67 0 0 0 0 0 147
 179 47 2 0.00 7.02 0 0 1 0 0 148
 179 47 1 0.64 3.88 1 0 0 1 0 148
 179 47 2 0.09 7.02 0 0 0 0 1 148
 179 47 2 0.27 5.45 0 0 0 0 0 148
 184 11 2 0.00 5.28 0 0 1 0 0 149
 184 11 2 0.00 4.29 0 0 0 1 0 149
 184 11 1 0.83 5.28 0 0 0 0 1 149
 184 11 2 0.17 6.45 0 0 0 0 0 149
 184 13 2 0.00 5.28 0 0 1 0 0 150
 184 13 2 0.00 4.67 0 0 0 1 0 150
 184 13 1 0.83 5.28 0 0 0 0 1 150
 184 13 2 0.17 6.45 0 0 0 0 0 150
 184 21 2 0.00 6.45 0 0 1 0 0 151
 184 21 2 0.00 4.89 0 0 0 1 0 151
 184 21 2 0.83 6.45 0 0 0 0 1 151
 184 21 1 0.17 4.67 1 1 0 0 0 151
 184 37 2 0.00 6.55 0 0 1 0 0 152
 184 37 2 0.00 6.55 0 0 0 1 0 152
 184 37 1 0.83 4.67 1 1 0 0 1 152
 184 37 2 0.17 3.88 0 0 0 0 0 152
 184 44 2 0.00 6.45 0 0 1 0 0 153
 184 44 2 0.00 4.67 0 1 0 1 0 153
 184 44 1 0.83 5.45 0 0 0 0 1 153
 184 44 2 0.17 6.45 0 0 0 0 0 153
 186 16 2 0.00 5.39 0 0 1 0 0 154
 186 16 1 0.67 5.03 0 0 0 1 0 154
 186 16 2 0.00 4.03 0 0 0 0 1 154
 186 16 2 0.33 5.06 0 0 0 0 0 154
 186 16 2 0.00 5.28 0 0 1 0 0 155
 186 16 1 0.67 4.36 0 0 0 1 0 155
 186 16 2 0.00 5.28 0 0 0 0 1 155
 186 16 2 0.33 6.45 0 0 0 0 0 155
 186 21 2 0.00 6.45 0 0 1 0 0 156
 186 21 2 0.67 4.89 0 0 0 1 0 156
 186 21 2 0.00 6.45 0 0 0 0 1 156
 186 21 1 0.33 4.67 1 0 0 0 0 156
 186 30 2 0.00 4.98 1 0 1 0 0 157
 186 30 1 0.67 4.67 0 0 0 1 0 157
 186 30 2 0.00 6.45 0 0 0 0 1 157
 186 30 2 0.33 4.89 0 0 0 0 0 157
 186 45 2 0.00 6.45 0 0 1 0 0 158
 186 45 1 0.67 4.67 0 0 0 1 0 158
 186 45 2 0.00 6.45 0 0 0 0 1 158
 186 45 2 0.33 4.67 0 0 0 0 0 158
 190  4 2 0.00 5.39 0 1 1 0 0 159
 190  4 1 1.00 5.26 0 0 0 1 0 159
 190  4 2 0.00 5.41 0 0 0 0 1 159
 190  4 2 0.00 5.02 0 1 0 0 0 159
 190 11 2 0.00 5.39 0 1 1 0 0 160
 190 11 1 1.00 5.03 0 0 0 1 0 160
 190 11 2 0.00 5.39 0 0 0 0 1 160
 190 11 2 0.00 5.02 0 0 0 0 0 160
 190 18 2 0.00 6.45 0 0 1 0 0 161
 190 18 1 1.00 4.89 0 0 0 1 0 161
 190 18 2 0.00 6.45 0 0 0 0 1 161
 190 18 2 0.00 4.89 0 0 0 0 0 161
 190 22 2 0.00 5.39 0 0 1 0 0 162
 190 22 1 1.00 5.03 0 0 0 1 0 162
 190 22 2 0.00 6.56 0 0 0 0 1 162
 190 22 2 0.00 4.83 0 0 0 0 0 162
 190 31 2 0.00 5.39 0 0 1 0 0 163
 190 31 1 1.00 5.03 0 0 0 1 0 163
 190 31 2 0.00 6.56 0 0 0 0 1 163
 190 31 2 0.00 6.63 0 0 0 0 0 163
 190 38 2 0.00 6.56 0 0 1 0 0 164
 190 38 1 1.00 5.03 0 0 0 1 0 164
 190 38 2 0.00 3.78 0 0 0 0 1 164
 190 38 2 0.00 3.88 0 0 0 0 0 164
 190 45 2 0.00 6.56 0 0 1 0 0 165
 190 45 1 1.00 4.22 0 0 0 1 0 165
 190 45 2 0.00 4.75 0 0 0 0 1 165
 190 45 2 0.00 3.88 0 0 0 0 0 165
 190 52 2 0.00 6.95 0 0 1 0 0 166
 190 52 1 1.00 4.95 0 0 0 1 0 166
 190 52 2 0.00 6.95 0 0 0 0 1 166
 190 52 2 0.00 5.39 0 0 0 0 0 166
 192  1 1 0.29 5.08 1 1 1 0 0 167
 192  1 2 0.38 4.33 0 0 0 1 0 167
 192  1 2 0.00 6.55 0 0 0 0 1 167
 192  1 2 0.29 4.98 0 0 0 0 0 167
 192  7 1 0.29 4.67 0 0 1 0 0 168
 192  7 2 0.38 4.67 0 0 0 1 0 168
 192  7 2 0.00 5.28 0 0 0 0 1 168
 192  7 2 0.29 4.42 0 0 0 0 0 168
 192 21 2 0.29 6.45 0 0 1 0 0 169
 192 21 2 0.38 4.89 0 0 0 1 0 169
 192 21 2 0.00 6.45 0 0 0 0 1 169
 192 21 1 0.29 4.67 1 0 0 0 0 169
 192 43 2 0.29 6.55 0 0 1 0 0 170
 192 43 1 0.38 3.81 0 0 0 1 0 170
 192 43 2 0.00 6.55 0 0 0 0 1 170
 192 43 2 0.29 4.67 0 0 0 0 0 170
 192 50 2 0.29 6.95 0 0 1 0 0 171
 192 50 1 0.38 3.58 0 0 0 1 0 171
 192 50 2 0.00 6.95 0 0 0 0 1 171
 192 50 2 0.29 5.39 0 0 0 0 0 171
 201 12 1 0.00 5.28 0 0 1 0 0 172
 201 12 2 1.00 4.36 0 1 0 1 0 172
 201 12 2 0.00 5.28 0 0 0 0 1 172
 201 12 2 0.00 4.89 0 0 0 0 0 172
 201 19 2 0.00 6.45 0 0 1 0 0 173
 201 19 1 1.00 4.89 0 0 0 1 0 173
 201 19 2 0.00 6.45 0 0 0 0 1 173
 201 19 2 0.00 4.89 0 0 0 0 0 173
 201 21 1 0.00 6.45 0 0 1 0 0 174
 201 21 2 1.00 4.89 0 0 0 1 0 174
 201 21 2 0.00 6.45 0 0 0 0 1 174
 201 21 2 0.00 4.67 1 0 0 0 0 174
 201 25 1 0.00 6.45 0 0 1 0 0 175
 201 25 2 1.00 4.89 0 0 0 1 0 175
 201 25 2 0.00 6.45 0 0 0 0 1 175
 201 25 2 0.00 4.89 0 0 0 0 0 175
 201 41 2 0.00 6.45 0 0 1 0 0 176
 201 41 1 1.00 4.52 0 0 0 1 0 176
 201 41 2 0.00 5.45 0 0 0 0 1 176
 201 41 2 0.00 4.67 0 0 0 0 0 176
 201 42 2 0.00 6.45 0 0 1 0 0 177
 201 42 1 1.00 4.59 0 0 0 1 0 177
 201 42 2 0.00 5.45 0 0 0 0 1 177
 201 42 2 0.00 4.67 0 0 0 0 0 177
 201 43 2 0.00 6.45 0 0 1 0 0 178
 201 43 1 1.00 4.67 0 0 0 1 0 178
 201 43 2 0.00 5.45 0 0 0 0 1 178
 201 43 2 0.00 4.67 0 0 0 0 0 178
 201 44 2 0.00 6.45 0 0 1 0 0 179
 201 44 1 1.00 4.67 0 0 0 1 0 179
 201 44 2 0.00 5.45 0 0 0 0 1 179
 201 44 2 0.00 6.45 0 0 0 0 0 179
 201 45 2 0.00 6.45 0 0 1 0 0 180
 201 45 1 1.00 4.67 0 0 0 1 0 180
 201 45 2 0.00 6.45 0 0 0 0 1 180
 201 45 2 0.00 4.67 0 0 0 0 0 180
 201 49 2 0.00 6.95 0 0 1 0 0 181
 201 49 1 1.00 3.89 0 1 0 1 0 181
 201 49 2 0.00 6.95 0 0 0 0 1 181
 201 49 2 0.00 5.39 0 0 0 0 0 181
 201 49 2 0.00 6.95 0 0 1 0 0 182
 201 49 1 1.00 3.89 0 1 0 1 0 182
 201 49 2 0.00 6.95 0 0 0 0 1 182
 201 49 2 0.00 5.39 0 0 0 0 0 182
 201 52 1 0.00 6.95 0 0 1 0 0 183
 201 52 2 1.00 4.36 0 0 0 1 0 183
 201 52 2 0.00 6.95 0 0 0 0 1 183
 201 52 2 0.00 5.39 0 0 0 0 0 183
 203  1 2 0.00 5.08 1 1 1 0 0 184
 203  1 1 1.00 4.33 0 0 0 1 0 184
 203  1 2 0.00 6.55 0 0 0 0 1 184
 203  1 2 0.00 4.89 0 0 0 0 0 184
 203  5 2 0.00 5.08 0 1 1 0 0 185
 203  5 1 1.00 4.67 0 0 0 1 0 185
 203  5 2 0.00 5.28 0 0 0 0 1 185
 203  5 2 0.00 4.67 1 0 0 0 0 185
 203  7 2 0.00 5.08 0 0 1 0 0 186
 203  7 1 1.00 4.67 0 0 0 1 0 186
 203  7 2 0.00 5.28 0 0 0 0 1 186
 203  7 2 0.00 4.98 0 0 0 0 0 186
 203 11 2 0.00 5.38 0 0 1 0 0 187
 203 11 1 1.00 4.67 0 0 0 1 0 187
 203 11 2 0.00 5.38 0 0 0 0 1 187
 203 11 2 0.00 4.98 0 0 0 0 0 187
 203 17 2 0.00 4.67 0 0 1 0 0 188
 203 17 1 1.00 4.89 0 0 0 1 0 188
 203 17 2 0.00 5.28 0 0 0 0 1 188
 203 17 2 0.00 4.89 0 0 0 0 0 188
 203 20 2 0.00 4.67 0 0 1 0 0 189
 203 20 1 1.00 4.98 0 0 0 1 0 189
 203 20 2 0.00 6.55 0 0 0 0 1 189
 203 20 2 0.00 4.98 0 0 0 0 0 189
 203 22 2 0.00 6.36 0 0 1 0 0 190
 203 22 1 1.00 4.83 0 0 0 1 0 190
 203 22 2 0.00 6.36 0 0 0 0 1 190
 203 22 2 0.00 4.83 0 0 0 0 0 190
 203 25 2 0.00 6.36 0 0 1 0 0 191
 203 25 1 1.00 4.83 0 0 0 1 0 191
 203 25 2 0.00 6.36 0 0 0 0 1 191
 203 25 2 0.00 4.83 0 0 0 0 0 191
 203 27 2 0.00 4.67 0 0 1 0 0 192
 203 27 1 1.00 4.98 0 0 0 1 0 192
 203 27 2 0.00 6.55 0 0 0 0 1 192
 203 27 2 0.00 4.98 0 0 0 0 0 192
 203 39 2 0.00 6.55 0 0 1 0 0 193
 203 39 1 1.00 4.67 0 0 0 1 0 193
 203 39 2 0.00 4.67 1 0 0 0 1 193
 203 39 2 0.00 4.67 0 0 0 0 0 193
 203 41 2 0.00 6.55 0 0 1 0 0 194
 203 41 1 1.00 3.81 1 1 0 1 0 194
 203 41 2 0.00 5.45 0 0 0 0 1 194
 203 41 2 0.00 4.67 0 0 0 0 0 194
 203 45 2 0.00 6.55 0 0 1 0 0 195
 203 45 1 1.00 4.67 0 0 0 1 0 195
 203 45 2 0.00 6.55 0 0 0 0 1 195
 203 45 2 0.00 4.98 0 0 0 0 0 195
 203 47 2 0.00 6.97 0 0 1 0 0 196
 203 47 1 1.00 3.88 1 0 0 1 0 196
 203 47 2 0.00 7.00 0 0 0 0 1 196
 203 47 2 0.00 5.41 0 0 0 0 0 196
 204  1 1 0.00 5.08 1 1 1 0 0 197
 204  1 2 0.71 4.33 0 0 0 1 0 197
 204  1 2 0.14 6.55 0 0 0 0 1 197
 204  1 2 0.14 4.89 0 0 0 0 0 197
 204  1 2 0.00 5.08 1 1 1 0 0 198
 204  1 1 0.71 4.33 0 0 0 1 0 198
 204  1 2 0.14 6.55 0 0 0 0 1 198
 204  1 2 0.14 4.89 0 0 0 0 0 198
 204  2 2 0.00 6.45 0 0 1 0 0 199
 204  2 1 0.71 3.89 0 1 0 1 0 199
 204  2 2 0.14 6.45 0 0 0 0 1 199
 204  2 2 0.14 4.89 0 0 0 0 0 199
 204 32 2 0.00 5.72 0 0 1 0 0 200
 204 32 2 0.71 4.89 0 0 0 1 0 200
 204 32 2 0.14 5.45 0 0 0 0 1 200
 204 32 1 0.14 4.20 1 0 0 0 0 200
 204 40 2 0.00 6.45 0 0 1 0 0 201
 204 40 1 0.71 4.52 0 0 0 1 0 201
 204 40 2 0.14 5.45 0 0 0 0 1 201
 204 40 2 0.14 4.67 0 0 0 0 0 201
 204 49 2 0.00 6.95 0 0 1 0 0 202
 204 49 1 0.71 3.89 0 1 0 1 0 202
 204 49 2 0.14 6.95 0 0 0 0 1 202
 204 49 2 0.14 4.89 0 0 0 0 0 202
 206 29 2 0.00 4.67 0 0 1 0 0 203
 206 29 1 0.50 4.67 1 0 0 1 0 203
 206 29 2 0.00 6.55 0 0 0 0 1 203
 206 29 2 0.50 4.98 0 0 0 0 0 203
 206 33 2 0.00 5.38 0 0 1 0 0 204
 206 33 1 0.50 4.98 0 0 0 1 0 204
 206 33 2 0.00 5.45 0 0 0 0 1 204
 206 33 2 0.50 4.98 0 0 0 0 0 204
 206 36 2 0.00 5.38 0 0 1 0 0 205
 206 36 2 0.50 4.98 0 0 0 1 0 205
 206 36 2 0.00 5.45 0 0 0 0 1 205
 206 36 1 0.50 3.88 1 0 0 0 0 205
 206 41 2 0.00 6.55 0 0 1 0 0 206
 206 41 1 0.50 3.81 1 1 0 1 0 206
 206 41 2 0.00 5.45 0 0 0 0 1 206
 206 41 2 0.50 4.67 0 0 0 0 0 206
 206 47 2 0.00 7.02 0 0 1 0 0 207
 206 47 1 0.50 3.88 1 0 0 1 0 207
 206 47 2 0.00 7.02 0 0 0 0 1 207
 206 47 2 0.50 5.45 0 0 0 0 0 207
 208  1 2 0.00 6.45 0 0 1 0 0 208
 208  1 1 1.00 3.89 1 1 0 1 0 208
 208  1 2 0.00 6.45 0 0 0 0 1 208
 208  1 2 0.00 6.45 0 0 0 0 0 208
 208  4 2 0.00 6.45 0 0 1 0 0 209
 208  4 1 1.00 4.36 0 1 0 1 0 209
 208  4 2 0.00 6.45 0 0 0 0 1 209
 208  4 2 0.00 4.89 0 0 0 0 0 209
 208  8 2 0.00 4.67 1 1 1 0 0 210
 208  8 1 1.00 4.67 0 0 0 1 0 210
 208  8 2 0.00 5.38 0 0 0 0 1 210
 208  8 2 0.00 4.42 0 1 0 0 0 210
 208 22 2 0.00 4.67 0 0 1 0 0 211
 208 22 1 1.00 4.98 0 0 0 1 0 211
 208 22 2 0.00 6.55 0 0 0 0 1 211
 208 22 2 0.00 4.98 0 0 0 0 0 211
 208 26 2 0.00 4.67 0 0 1 0 0 212
 208 26 1 1.00 4.98 0 0 0 1 0 212
 208 26 2 0.00 6.55 0 0 0 0 1 212
 208 26 2 0.00 4.98 0 0 0 0 0 212
 208 27 2 0.00 4.67 0 0 1 0 0 213
 208 27 1 1.00 4.98 0 0 0 1 0 213
 208 27 2 0.00 6.55 0 0 0 0 1 213
 208 27 2 0.00 4.98 0 0 0 0 0 213
 208 28 2 0.00 4.67 0 0 1 0 0 214
 208 28 1 1.00 4.98 0 0 0 1 0 214
 208 28 2 0.00 6.55 0 0 0 0 1 214
 208 28 2 0.00 4.98 0 0 0 0 0 214
 208 33 2 0.00 5.38 0 0 1 0 0 215
 208 33 1 1.00 4.98 0 0 0 1 0 215
 208 33 2 0.00 5.45 0 0 0 0 1 215
 208 33 2 0.00 4.98 0 0 0 0 0 215
 208 33 2 0.00 5.38 0 0 1 0 0 216
 208 33 1 1.00 4.98 0 0 0 1 0 216
 208 33 2 0.00 5.45 0 0 0 0 1 216
 208 33 2 0.00 4.98 0 0 0 0 0 216
 208 38 2 0.00 6.55 0 0 1 0 0 217
 208 38 1 1.00 4.98 0 0 0 1 0 217
 208 38 2 0.00 4.67 0 0 0 0 1 217
 208 38 2 0.00 4.67 0 0 0 0 0 217
 208 40 2 0.00 6.55 0 0 1 0 0 218
 208 40 1 1.00 4.67 0 0 0 1 0 218
 208 40 2 0.00 4.67 0 0 0 0 1 218
 208 40 2 0.00 4.67 0 0 0 0 0 218
 208 41 2 0.00 6.55 0 0 1 0 0 219
 208 41 1 1.00 3.81 1 1 0 1 0 219
 208 41 2 0.00 5.45 0 0 0 0 1 219
 208 41 2 0.00 4.67 0 0 0 0 0 219
 208 42 2 0.00 6.55 0 0 1 0 0 220
 208 42 1 1.00 3.81 0 1 0 1 0 220
 208 42 2 0.00 5.45 0 0 0 0 1 220
 208 42 2 0.00 4.67 0 0 0 0 0 220
 208 50 2 0.00 7.02 0 0 1 0 0 221
 208 50 1 1.00 4.67 0 0 0 1 0 221
 208 50 2 0.00 7.02 0 0 0 0 1 221
 208 50 2 0.00 5.45 0 0 0 0 0 221
 219  2 1 0.00 5.08 0 1 1 0 0 222
 219  2 2 0.00 4.67 0 0 0 1 0 222
 219  2 2 0.26 6.45 0 0 0 0 1 222
 219  2 2 0.74 4.67 0 0 0 0 0 222
 219  6 2 0.00 5.38 0 1 1 0 0 223
 219  6 2 0.00 4.67 0 0 0 1 0 223
 219  6 2 0.26 5.28 0 0 0 0 1 223
 219  6 1 0.74 4.67 1 1 0 0 0 223
 219  8 1 0.00 5.30 1 1 1 0 0 224
 219  8 2 0.00 4.67 0 0 0 1 0 224
 219  8 2 0.26 5.38 0 0 0 0 1 224
 219  8 2 0.74 4.98 0 0 0 0 0 224
 219 10 2 0.00 5.38 0 0 1 0 0 225
 219 10 2 0.00 4.67 0 0 0 1 0 225
 219 10 2 0.26 5.38 0 0 0 0 1 225
 219 10 1 0.74 6.55 0 0 0 0 0 225
 219 11 2 0.00 5.38 0 0 1 0 0 226
 219 11 2 0.00 6.55 0 0 0 1 0 226
 219 11 2 0.26 5.38 0 0 0 0 1 226
 219 11 1 0.74 6.55 0 0 0 0 0 226
 219 13 2 0.00 5.38 0 0 1 0 0 227
 219 13 2 0.00 6.55 0 0 0 1 0 227
 219 13 2 0.26 6.45 0 0 0 0 1 227
 219 13 1 0.74 6.55 0 0 0 0 0 227
 219 15 2 0.00 5.19 0 0 1 0 0 228
 219 15 2 0.00 4.80 0 0 0 1 0 228
 219 15 2 0.26 5.06 0 0 0 0 1 228
 219 15 1 0.74 4.83 0 0 0 0 0 228
 219 33 2 0.00 5.38 0 0 1 0 0 229
 219 33 2 0.00 4.98 0 0 0 1 0 229
 219 33 2 0.26 5.45 0 0 0 0 1 229
 219 33 1 0.74 4.98 0 0 0 0 0 229
 219 39 1 0.00 5.28 0 0 1 0 0 230
 219 39 2 0.00 4.22 0 0 0 1 0 230
 219 39 2 0.26 4.92 0 0 0 0 1 230
 219 39 2 0.74 4.89 0 0 0 0 0 230
 219 40 1 0.00 5.28 0 0 1 0 0 231
 219 40 2 0.00 4.22 0 0 0 1 0 231
 219 40 2 0.26 4.92 0 0 0 0 1 231
 219 40 2 0.74 4.89 0 0 0 0 0 231
 219 44 1 0.00 6.55 0 0 1 0 0 232
 219 44 2 0.00 4.67 0 0 0 1 0 232
 219 44 2 0.26 6.55 0 0 0 0 1 232
 219 44 2 0.74 4.67 0 0 0 0 0 232
 219 48 1 0.00 7.02 0 0 1 0 0 233
 219 48 2 0.00 3.88 0 0 0 1 0 233
 219 48 2 0.26 7.02 0 0 0 0 1 233
 219 48 2 0.74 5.45 0 0 0 0 0 233
 223  2 2 0.00 5.08 0 1 1 0 0 234
 223  2 1 0.78 4.67 0 1 0 1 0 234
 223  2 2 0.11 5.06 0 0 0 0 1 234
 223  2 2 0.11 4.67 0 0 0 0 0 234
 223  9 2 0.00 5.28 1 1 1 0 0 235
 223  9 1 0.78 4.22 0 0 0 1 0 235
 223  9 2 0.11 5.28 0 0 0 0 1 235
 223  9 2 0.11 4.89 0 0 0 0 0 235
 223 15 2 0.00 5.38 0 0 1 0 0 236
 223 15 1 0.78 4.98 0 0 0 1 0 236
 223 15 2 0.11 6.45 0 0 0 0 1 236
 223 15 2 0.11 6.55 0 0 0 0 0 236
 223 27 2 0.00 5.38 0 0 1 0 0 237
 223 27 1 0.78 4.98 0 0 0 1 0 237
 223 27 2 0.11 6.55 0 0 0 0 1 237
 223 27 2 0.11 4.98 0 0 0 0 0 237
 223 33 2 0.00 5.38 0 0 1 0 0 238
 223 33 1 0.78 4.98 0 0 0 1 0 238
 223 33 2 0.11 5.45 0 0 0 0 1 238
 223 33 2 0.11 4.98 0 0 0 0 0 238
 223 36 2 0.00 6.55 0 0 1 0 0 239
 223 36 1 0.78 4.98 0 0 0 1 0 239
 223 36 2 0.11 5.45 0 0 0 0 1 239
 223 36 2 0.11 3.88 1 0 0 0 0 239
 223 39 2 0.00 6.55 0 0 1 0 0 240
 223 39 1 0.78 4.67 0 0 0 1 0 240
 223 39 2 0.11 4.67 1 0 0 0 1 240
 223 39 2 0.11 4.67 0 0 0 0 0 240
 223 41 2 0.00 6.55 0 0 1 0 0 241
 223 41 1 0.78 3.81 1 1 0 1 0 241
 223 41 2 0.11 5.45 0 0 0 0 1 241
 223 41 2 0.11 4.67 0 0 0 0 0 241
 223 50 2 0.00 7.02 0 0 1 0 0 242
 223 50 1 0.78 4.67 0 0 0 1 0 242
 223 50 2 0.11 7.02 0 0 0 0 1 242
 223 50 2 0.11 5.45 0 0 0 0 0 242
 232 11 2 0.00 5.38 0 0 1 0 0 243
 232 11 2 0.67 6.55 0 0 0 1 0 243
 232 11 2 0.33 5.38 0 0 0 0 1 243
 232 11 1 0.00 6.55 0 0 0 0 0 243
 232 13 2 0.00 5.38 0 0 1 0 0 244
 232 13 1 0.67 6.55 0 0 0 1 0 244
 232 13 2 0.33 6.45 0 0 0 0 1 244
 232 13 2 0.00 6.55 0 0 0 0 0 244
 232 15 2 0.00 5.38 0 0 1 0 0 245
 232 15 1 0.67 4.98 0 0 0 1 0 245
 232 15 2 0.33 6.45 0 0 0 0 1 245
 232 15 2 0.00 6.55 0 0 0 0 0 245
 232 35 2 0.00 5.38 0 0 1 0 0 246
 232 35 2 0.67 4.98 0 0 0 1 0 246
 232 35 2 0.33 5.45 0 0 0 0 1 246
 232 35 1 0.00 4.67 0 0 0 0 0 246
 232 36 2 0.00 6.55 0 0 1 0 0 247
 232 36 2 0.67 4.98 0 0 0 1 0 247
 232 36 1 0.33 5.45 0 0 0 0 1 247
 232 36 2 0.00 3.88 1 0 0 0 0 247
 232 37 2 0.00 6.55 0 0 1 0 0 248
 232 37 2 0.67 4.98 0 0 0 1 0 248
 232 37 1 0.33 4.67 1 0 0 0 1 248
 232 37 2 0.00 3.88 0 0 0 0 0 248
 232 37 2 0.00 6.55 0 0 1 0 0 249
 232 37 2 0.67 4.98 0 0 0 1 0 249
 232 37 2 0.33 4.67 1 0 0 0 1 249
 232 37 1 0.00 3.88 0 0 0 0 0 249
 232 48 2 0.00 7.02 0 0 1 0 0 250
 232 48 1 0.67 3.88 0 0 0 1 0 250
 232 48 2 0.33 7.02 0 0 0 0 1 250
 232 48 2 0.00 5.45 0 0 0 0 0 250
 234  1 1 0.05 5.08 1 1 1 0 0 251
 234  1 2 0.05 4.33 0 0 0 1 0 251
 234  1 2 0.46 6.55 0 0 0 0 1 251
 234  1 2 0.41 4.98 0 0 0 0 0 251
 234  1 1 0.05 5.08 0 1 1 0 0 252
 234  1 2 0.05 4.22 1 1 0 1 0 252
 234  1 2 0.46 6.45 0 0 0 0 1 252
 234  1 2 0.41 4.89 0 0 0 0 0 252
 234 14 2 0.05 5.36 0 0 1 0 0 253
 234 14 2 0.05 4.89 0 0 0 1 0 253
 234 14 1 0.46 6.45 0 0 0 0 1 253
 234 14 2 0.41 6.45 0 0 0 0 0 253
 234 29 2 0.05 6.45 0 0 1 0 0 254
 234 29 2 0.05 4.67 0 0 0 1 0 254
 234 29 2 0.46 6.45 0 0 0 0 1 254
 234 29 1 0.41 4.67 0 0 0 0 0 254
 234 49 2 0.05 7.02 0 0 1 0 0 255
 234 49 2 0.05 4.67 0 0 0 1 0 255
 234 49 1 0.46 7.02 0 0 0 0 1 255
 234 49 2 0.41 5.45 0 0 0 0 0 255
 234 49 2 0.05 7.02 0 0 1 0 0 256
 234 49 2 0.05 4.67 0 0 0 1 0 256
 234 49 2 0.46 7.02 0 0 0 0 1 256
 234 49 1 0.41 5.45 0 0 0 0 0 256
 234 51 2 0.05 6.95 0 0 1 0 0 257
 234 51 2 0.05 4.67 0 0 0 1 0 257
 234 51 1 0.46 6.95 0 0 0 0 1 257
 234 51 2 0.41 5.39 0 0 0 0 0 257
 239 10 2 0.00 5.38 0 0 1 0 0 258
 239 10 1 1.00 4.67 0 0 0 1 0 258
 239 10 2 0.00 5.38 0 0 0 0 1 258
 239 10 2 0.00 6.55 0 0 0 0 0 258
 239 28 2 0.00 5.38 0 0 1 0 0 259
 239 28 1 1.00 4.98 0 0 0 1 0 259
 239 28 2 0.00 6.55 0 0 0 0 1 259
 239 28 2 0.00 4.98 0 0 0 0 0 259
 239 42 1 0.00 6.55 0 0 1 0 0 260
 239 42 2 1.00 3.81 0 0 0 1 0 260
 239 42 2 0.00 5.45 0 0 0 0 1 260
 239 42 2 0.00 4.67 0 0 0 0 0 260
 239 50 2 0.00 7.02 0 0 1 0 0 261
 239 50 1 1.00 4.67 0 0 0 1 0 261
 239 50 2 0.00 7.02 0 0 0 0 1 261
 239 50 2 0.00 5.45 0 0 0 0 0 261
 244 11 2 0.35 5.28 0 0 1 0 0 262
 244 11 2 0.00 4.20 0 0 0 1 0 262
 244 11 1 0.47 5.28 0 0 0 0 1 262
 244 11 2 0.12 6.45 0 0 0 0 0 262
 244 13 1 0.35 5.28 0 0 1 0 0 263
 244 13 2 0.00 4.89 0 0 0 1 0 263
 244 13 2 0.47 5.28 0 0 0 0 1 263
 244 13 2 0.12 6.45 0 0 0 0 0 263
 244 13 2 0.35 5.28 0 0 1 0 0 264
 244 13 2 0.00 4.89 0 0 0 1 0 264
 244 13 1 0.47 5.28 0 0 0 0 1 264
 244 13 2 0.12 6.45 0 0 0 0 0 264
 244 16 1 0.35 5.38 0 0 1 0 0 265
 244 16 2 0.00 4.98 0 0 0 1 0 265
 244 16 2 0.47 6.55 0 0 0 0 1 265
 244 16 2 0.12 6.55 0 0 0 0 0 265
 244 19 2 0.35 5.39 0 0 1 0 0 266
 244 19 2 0.00 4.83 0 0 0 1 0 266
 244 19 1 0.47 6.56 0 0 0 0 1 266
 244 19 2 0.12 6.63 0 0 0 0 0 266
 244 43 2 0.35 6.56 0 0 1 0 0 267
 244 43 2 0.00 4.22 0 1 0 1 0 267
 244 43 1 0.47 4.75 0 0 0 0 1 267
 244 43 2 0.12 3.88 0 0 0 0 0 267
 252 23 2 0.25 4.67 0 0 1 0 0 268
 252 23 1 0.44 4.98 0 0 0 1 0 268
 252 23 2 0.25 6.55 0 0 0 0 1 268
 252 23 2 0.00 4.98 0 0 0 0 0 268
 252 32 2 0.25 6.45 0 0 1 0 0 269
 252 32 1 0.44 4.89 0 0 0 1 0 269
 252 32 2 0.25 6.45 0 0 0 0 1 269
 252 32 2 0.00 4.20 1 1 0 0 0 269
 252 34 1 0.25 5.38 0 0 1 0 0 270
 252 34 2 0.44 4.98 0 0 0 1 0 270
 252 34 2 0.25 5.45 0 0 0 0 1 270
 252 34 2 0.00 6.55 0 0 0 0 0 270
 252 40 2 0.25 6.45 0 0 1 0 0 271
 252 40 1 0.44 4.52 0 1 0 1 0 271
 252 40 2 0.25 5.45 0 0 0 0 1 271
 252 40 2 0.00 4.67 0 0 0 0 0 271
 256  1 1 1.00 5.08 1 1 1 0 0 272
 256  1 2 0.00 4.98 0 0 0 1 0 272
 256  1 2 0.00 6.56 0 0 0 0 1 272
 256  1 2 0.00 5.02 0 0 0 0 0 272
 256 10 1 1.00 4.67 0 0 1 0 0 273
 256 10 2 0.00 4.98 0 0 0 1 0 273
 256 10 2 0.00 5.38 0 0 0 0 1 273
 256 10 2 0.00 4.50 0 0 0 0 0 273
 256 26 1 1.00 6.45 0 0 1 0 0 274
 256 26 2 0.00 4.89 0 0 0 1 0 274
 256 26 2 0.00 6.45 0 0 0 0 1 274
 256 26 2 0.00 6.45 0 0 0 0 0 274
 256 36 1 1.00 6.45 0 0 1 0 0 275
 256 36 2 0.00 4.89 0 0 0 1 0 275
 256 36 2 0.00 5.45 0 1 0 0 1 275
 256 36 2 0.00 4.67 0 0 0 0 0 275
 264  1 2 0.00 6.45 0 0 1 0 0 276
 264  1 1 1.00 3.89 1 1 0 1 0 276
 264  1 2 0.00 6.45 0 0 0 0 1 276
 264  1 2 0.00 4.89 0 0 0 0 0 276
 264  7 2 0.00 6.45 0 0 1 0 0 277
 264  7 1 1.00 4.36 0 1 0 1 0 277
 264  7 2 0.00 5.28 0 0 0 0 1 277
 264  7 2 0.00 4.89 0 0 0 0 0 277
 264 11 2 0.00 5.28 0 0 1 0 0 278
 264 11 1 1.00 4.27 0 1 0 1 0 278
 264 11 2 0.00 5.28 0 0 0 0 1 278
 264 11 2 0.00 4.89 0 0 0 0 0 278
 264 17 2 0.00 6.45 0 0 1 0 0 279
 264 17 1 1.00 4.89 0 0 0 1 0 279
 264 17 2 0.00 5.28 0 0 0 0 1 279
 264 17 2 0.00 4.89 0 0 0 0 0 279
 264 23 2 0.00 6.45 0 0 1 0 0 280
 264 23 1 1.00 4.89 0 0 0 1 0 280
 264 23 2 0.00 6.45 0 0 0 0 1 280
 264 23 2 0.00 4.89 0 0 0 0 0 280
 264 33 2 0.00 6.45 0 0 1 0 0 281
 264 33 1 1.00 4.89 0 0 0 1 0 281
 264 33 2 0.00 5.45 0 0 0 0 1 281
 264 33 2 0.00 4.28 0 0 0 0 0 281
 264 37 2 0.00 6.45 0 0 1 0 0 282
 264 37 1 1.00 4.89 0 0 0 1 0 282
 264 37 2 0.00 5.45 0 1 0 0 1 282
 264 37 2 0.00 4.67 0 0 0 0 0 282
 264 41 2 0.00 6.45 0 0 1 0 0 283
 264 41 1 1.00 4.52 0 0 0 1 0 283
 264 41 2 0.00 5.45 0 0 0 0 1 283
 264 41 2 0.00 4.67 0 0 0 0 0 283
 264 47 2 0.00 6.78 0 0 1 0 0 284
 264 47 1 1.00 3.89 0 1 0 1 0 284
 264 47 2 0.00 6.95 0 0 0 0 1 284
 264 47 2 0.00 4.89 0 0 0 0 0 284
 266  8 2 0.00 5.14 1 1 1 0 0 285
 266  8 2 0.10 4.67 0 0 0 1 0 285
 266  8 1 0.90 5.28 0 0 0 0 1 285
 266  8 2 0.00 4.98 0 0 0 0 0 285
 266 15 2 0.00 4.67 0 0 1 0 0 286
 266 15 1 0.10 4.67 0 0 0 1 0 286
 266 15 2 0.90 6.55 0 0 0 0 1 286
 266 15 2 0.00 6.55 0 0 0 0 0 286
 266 26 2 0.00 4.67 0 0 1 0 0 287
 266 26 2 0.10 4.98 0 0 0 1 0 287
 266 26 1 0.90 6.55 0 0 0 0 1 287
 266 26 2 0.00 4.98 0 0 0 0 0 287
 266 43 2 0.00 6.45 0 0 1 0 0 288
 266 43 2 0.10 4.67 0 1 0 1 0 288
 266 43 1 0.90 5.45 0 0 0 0 1 288
 266 43 2 0.00 4.67 0 0 0 0 0 288
 266 47 2 0.00 6.36 0 0 1 0 0 289
 266 47 2 0.10 4.22 0 0 0 1 0 289
 266 47 1 0.90 5.30 0 0 0 0 1 289
 266 47 2 0.00 4.52 0 0 0 0 0 289
 268  1 2 0.00 5.08 1 1 1 0 0 290
 268  1 1 0.91 4.33 0 0 0 1 0 290
 268  1 2 0.00 6.45 0 0 0 0 1 290
 268  1 2 0.09 4.67 0 0 0 0 0 290
 268  9 2 0.00 5.28 1 1 1 0 0 291
 268  9 1 0.91 4.22 0 0 0 1 0 291
 268  9 2 0.00 5.28 0 0 0 0 1 291
 268  9 2 0.09 4.89 0 0 0 0 0 291
 268 21 2 0.00 5.38 0 0 1 0 0 292
 268 21 1 0.91 4.98 0 0 0 1 0 292
 268 21 2 0.00 6.55 0 0 0 0 1 292
 268 21 2 0.09 4.98 0 0 0 0 0 292
 268 27 2 0.00 5.38 0 0 1 0 0 293
 268 27 1 0.91 4.98 0 0 0 1 0 293
 268 27 2 0.00 6.55 0 0 0 0 1 293
 268 27 2 0.09 4.98 0 0 0 0 0 293
 268 48 2 0.00 5.44 0 0 1 0 0 294
 268 48 1 0.91 4.22 0 0 0 1 0 294
 268 48 2 0.00 6.88 0 0 0 0 1 294
 268 48 2 0.09 5.33 0 0 0 0 0 294
 268 52 2 0.00 7.02 0 0 1 0 0 295
 268 52 1 0.91 4.67 0 0 0 1 0 295
 268 52 2 0.00 7.02 0 0 0 0 1 295
 268 52 2 0.09 5.45 0 0 0 0 0 295
 269  2 1 1.00 5.08 0 1 1 0 0 296
 269  2 2 0.00 4.67 0 0 0 1 0 296
 269  2 2 0.00 6.55 0 0 0 0 1 296
 269  2 2 0.00 4.89 0 0 0 0 0 296
 269  4 1 1.00 5.08 0 0 1 0 0 297
 269  4 2 0.00 4.67 0 0 0 1 0 297
 269  4 2 0.00 5.28 0 0 0 0 1 297
 269  4 2 0.00 4.89 0 0 0 0 0 297
 269 10 1 1.00 6.55 0 0 1 0 0 298
 269 10 2 0.00 4.98 0 0 0 1 0 298
 269 10 2 0.00 5.38 0 0 0 0 1 298
 269 10 2 0.00 4.98 0 0 0 0 0 298
 269 14 1 1.00 4.67 0 0 1 0 0 299
 269 14 2 0.00 4.67 0 0 0 1 0 299
 269 14 2 0.00 6.55 0 0 0 0 1 299
 269 14 2 0.00 6.55 0 0 0 0 0 299
 269 16 1 1.00 4.67 0 0 1 0 0 300
 269 16 2 0.00 4.98 0 0 0 1 0 300
 269 16 2 0.00 6.55 0 0 0 0 1 300
 269 16 2 0.00 6.55 0 0 0 0 0 300
 269 18 1 1.00 4.67 0 0 1 0 0 301
 269 18 2 0.00 4.98 0 0 0 1 0 301
 269 18 2 0.00 6.55 0 0 0 0 1 301
 269 18 2 0.00 6.55 0 0 0 0 0 301
 269 19 1 1.00 4.67 0 0 1 0 0 302
 269 19 2 0.00 4.98 0 0 0 1 0 302
 269 19 2 0.00 6.55 0 0 0 0 1 302
 269 19 2 0.00 4.98 0 0 0 0 0 302
 269 26 1 1.00 4.67 0 0 1 0 0 303
 269 26 2 0.00 4.98 0 0 0 1 0 303
 269 26 2 0.00 6.55 0 0 0 0 1 303
 269 26 2 0.00 4.98 0 0 0 0 0 303
 269 32 1 1.00 5.38 0 0 1 0 0 304
 269 32 2 0.00 4.98 0 0 0 1 0 304
 269 32 2 0.00 5.45 0 0 0 0 1 304
 269 32 2 0.00 6.55 0 0 0 0 0 304
 269 34 1 1.00 5.38 0 0 1 0 0 305
 269 34 2 0.00 4.98 0 0 0 1 0 305
 269 34 2 0.00 5.45 0 0 0 0 1 305
 269 34 2 0.00 6.55 0 0 0 0 0 305
 269 36 1 1.00 5.38 0 0 1 0 0 306
 269 36 2 0.00 4.98 0 0 0 1 0 306
 269 36 2 0.00 5.45 0 0 0 0 1 306
 269 36 2 0.00 3.88 1 1 0 0 0 306
 269 46 1 1.00 5.28 0 0 1 0 0 307
 269 46 2 0.00 4.22 0 0 0 1 0 307
 269 46 2 0.00 6.45 0 0 0 0 1 307
 269 46 2 0.00 4.22 0 0 0 0 0 307
 269 48 1 1.00 5.44 0 0 1 0 0 308
 269 48 2 0.00 4.22 0 0 0 1 0 308
 269 48 2 0.00 6.88 0 0 0 0 1 308
 269 48 2 0.00 5.33 0 0 0 0 0 308
 269 52 1 1.00 6.94 0 0 1 0 0 309
 269 52 2 0.00 4.22 0 0 0 1 0 309
 269 52 2 0.00 6.94 0 0 0 0 1 309
 269 52 2 0.00 5.33 0 0 0 0 0 309
 271  2 2 0.37 6.45 0 0 1 0 0 310
 271  2 1 0.19 3.89 0 1 0 1 0 310
 271  2 2 0.37 6.45 0 0 0 0 1 310
 271  2 2 0.00 4.89 0 0 0 0 0 310
 271 14 1 0.37 5.38 0 0 1 0 0 311
 271 14 2 0.19 6.55 0 0 0 1 0 311
 271 14 2 0.37 6.45 0 0 0 0 1 311
 271 14 2 0.00 6.55 0 0 0 0 0 311
 271 14 1 0.37 5.38 0 0 1 0 0 312
 271 14 2 0.19 6.55 0 0 0 1 0 312
 271 14 2 0.37 6.45 0 0 0 0 1 312
 271 14 2 0.00 6.55 0 0 0 0 0 312
 271 33 2 0.37 5.28 0 0 1 0 0 313
 271 33 2 0.19 4.89 0 0 0 1 0 313
 271 33 1 0.37 4.92 0 1 0 0 1 313
 271 33 2 0.00 4.89 0 0 0 0 0 313
 271 35 2 0.37 6.45 0 0 1 0 0 314
 271 35 2 0.19 4.89 0 0 0 1 0 314
 271 35 1 0.37 5.45 0 1 0 0 1 314
 271 35 2 0.00 4.67 0 0 0 0 0 314
 271 37 2 0.37 6.55 0 0 1 0 0 315
 271 37 2 0.19 6.55 0 0 0 1 0 315
 271 37 1 0.37 4.67 1 1 0 0 1 315
 271 37 2 0.00 3.88 0 0 0 0 0 315
 271 50 2 0.37 6.95 0 0 1 0 0 316
 271 50 1 0.19 3.89 0 0 0 1 0 316
 271 50 2 0.37 6.95 0 0 0 0 1 316
 271 50 2 0.00 5.27 0 0 0 0 0 316
 273  4 1 0.60 4.67 0 1 1 0 0 317
 273  4 2 0.40 4.67 0 0 0 1 0 317
 273  4 2 0.00 5.28 0 0 0 0 1 317
 273  4 2 0.00 4.98 0 0 0 0 0 317
 273  4 1 0.60 4.67 0 1 1 0 0 318
 273  4 2 0.40 4.67 0 0 0 1 0 318
 273  4 2 0.00 5.28 0 0 0 0 1 318
 273  4 2 0.00 4.98 0 0 0 0 0 318
 273 14 2 0.60 5.36 0 0 1 0 0 319
 273 14 1 0.40 4.89 0 0 0 1 0 319
 273 14 2 0.00 6.45 0 0 0 0 1 319
 273 14 2 0.00 6.45 0 0 0 0 0 319
 273 24 2 0.60 6.45 0 0 1 0 0 320
 273 24 1 0.40 4.89 0 0 0 1 0 320
 273 24 2 0.00 6.45 0 0 0 0 1 320
 273 24 2 0.00 4.89 0 0 0 0 0 320
 273 33 2 0.60 6.45 0 0 1 0 0 321
 273 33 1 0.40 4.89 0 0 0 1 0 321
 273 33 2 0.00 5.45 0 0 0 0 1 321
 273 33 2 0.00 4.20 0 0 0 0 0 321
 273 35 1 0.60 6.45 0 0 1 0 0 322
 273 35 2 0.40 4.89 0 0 0 1 0 322
 273 35 2 0.00 5.45 0 1 0 0 1 322
 273 35 2 0.00 4.67 0 0 0 0 0 322
 273 39 2 0.60 6.45 0 0 1 0 0 323
 273 39 1 0.40 4.52 1 1 0 1 0 323
 273 39 2 0.00 5.45 0 0 0 0 1 323
 273 39 2 0.00 4.67 0 0 0 0 0 323
 275  6 2 0.00 4.67 0 0 1 0 0 324
 275  6 1 1.00 4.67 0 0 0 1 0 324
 275  6 2 0.00 5.28 0 0 0 0 1 324
 275  6 2 0.00 4.94 1 0 0 0 0 324
 275 10 2 0.00 6.55 0 0 1 0 0 325
 275 10 1 1.00 4.98 0 0 0 1 0 325
 275 10 2 0.00 5.38 0 0 0 0 1 325
 275 10 2 0.00 4.98 0 0 0 0 0 325
 275 17 2 0.00 4.67 0 0 1 0 0 326
 275 17 1 1.00 4.98 0 0 0 1 0 326
 275 17 2 0.00 6.55 0 0 0 0 1 326
 275 17 2 0.00 4.98 0 0 0 0 0 326
 275 32 2 0.00 5.38 0 0 1 0 0 327
 275 32 1 1.00 4.98 0 0 0 1 0 327
 275 32 2 0.00 5.45 0 0 0 0 1 327
 275 32 2 0.00 6.55 0 0 0 0 0 327
 275 37 2 0.00 6.55 0 0 1 0 0 328
 275 37 1 1.00 6.55 0 0 0 1 0 328
 275 37 2 0.00 4.67 1 1 0 0 1 328
 275 37 2 0.00 3.88 0 0 0 0 0 328
 275 42 2 0.00 6.55 0 0 1 0 0 329
 275 42 1 1.00 3.81 0 0 0 1 0 329
 275 42 2 0.00 5.45 0 0 0 0 1 329
 275 42 2 0.00 6.55 0 0 0 0 0 329
 275 44 2 0.00 6.55 0 0 1 0 0 330
 275 44 1 1.00 4.67 0 0 0 1 0 330
 275 44 2 0.00 5.45 0 0 0 0 1 330
 275 44 2 0.00 6.55 0 0 0 0 0 330
 278  1 2 0.00 6.45 0 0 1 0 0 331
 278  1 1 1.00 3.89 1 1 0 1 0 331
 278  1 2 0.00 6.45 0 0 0 0 1 331
 278  1 2 0.00 4.89 0 0 0 0 0 331
 278  1 2 0.00 6.45 0 0 1 0 0 332
 278  1 1 1.00 3.89 1 1 0 1 0 332
 278  1 2 0.00 6.45 0 0 0 0 1 332
 278  1 2 0.00 4.89 0 0 0 0 0 332
 278  2 2 0.00 6.45 0 0 1 0 0 333
 278  2 1 1.00 3.89 0 1 0 1 0 333
 278  2 2 0.00 6.45 0 0 0 0 1 333
 278  2 2 0.00 4.89 0 0 0 0 0 333
 278  5 2 0.00 6.45 0 0 1 0 0 334
 278  5 1 1.00 4.36 0 1 0 1 0 334
 278  5 2 0.00 6.45 0 0 0 0 1 334
 278  5 2 0.00 4.89 0 0 0 0 0 334
 278 23 2 0.00 6.45 0 0 1 0 0 335
 278 23 1 1.00 4.89 0 0 0 1 0 335
 278 23 2 0.00 6.45 0 0 0 0 1 335
 278 23 2 0.00 4.67 0 0 0 0 0 335
 278 28 2 0.00 6.45 0 0 1 0 0 336
 278 28 1 1.00 4.67 1 1 0 1 0 336
 278 28 2 0.00 6.45 0 0 0 0 1 336
 278 28 2 0.00 6.45 0 0 0 0 0 336
 278 41 2 0.00 6.45 0 0 1 0 0 337
 278 41 1 1.00 4.67 0 0 0 1 0 337
 278 41 2 0.00 5.45 0 0 0 0 1 337
 278 41 2 0.00 4.67 0 0 0 0 0 337
 278 49 2 0.00 6.95 0 0 1 0 0 338
 278 49 1 1.00 3.89 0 0 0 1 0 338
 278 49 2 0.00 6.95 0 0 0 0 1 338
 278 49 2 0.00 5.39 0 0 0 0 0 338
 285  5 1 0.00 4.67 0 1 1 0 0 339
 285  5 2 0.00 4.33 0 0 0 1 0 339
 285  5 2 0.00 5.28 0 0 0 0 1 339
 285  5 2 1.00 4.67 1 0 0 0 0 339
 285  6 2 0.00 4.67 0 0 1 0 0 340
 285  6 2 0.00 4.67 0 0 0 1 0 340
 285  6 2 0.00 5.28 0 0 0 0 1 340
 285  6 1 1.00 4.94 1 0 0 0 0 340
 285 10 2 0.00 4.67 0 0 1 0 0 341
 285 10 2 0.00 4.98 0 0 0 1 0 341
 285 10 2 0.00 5.38 0 0 0 0 1 341
 285 10 1 1.00 4.50 0 0 0 0 0 341
 285 45 2 0.00 6.55 0 0 1 0 0 342
 285 45 1 0.00 4.67 0 0 0 1 0 342
 285 45 2 0.00 6.55 0 0 0 0 1 342
 285 45 2 1.00 4.67 0 0 0 0 0 342
 285 47 2 0.00 7.02 0 0 1 0 0 343
 285 47 1 0.00 3.88 1 0 0 1 0 343
 285 47 2 0.00 7.02 0 0 0 0 1 343
 285 47 2 1.00 5.45 0 0 0 0 0 343
 285 49 2 0.00 7.02 0 0 1 0 0 344
 285 49 1 0.00 4.67 0 0 0 1 0 344
 285 49 2 0.00 7.02 0 0 0 0 1 344
 285 49 2 1.00 5.45 0 0 0 0 0 344
 289  5 2 0.00 5.28 0 0 1 0 0 345
 289  5 2 0.43 4.22 0 0 0 1 0 345
 289  5 2 0.14 6.45 0 0 0 0 1 345
 289  5 1 0.43 4.89 0 0 0 0 0 345
 289 14 2 0.00 5.28 1 1 1 0 0 346
 289 14 2 0.43 4.22 0 0 0 1 0 346
 289 14 2 0.14 5.28 0 0 0 0 1 346
 289 14 1 0.43 4.89 0 0 0 0 0 346
 289 32 2 0.00 5.28 0 0 1 0 0 347
 289 32 2 0.43 4.89 0 0 0 1 0 347
 289 32 2 0.14 4.92 0 0 0 0 1 347
 289 32 1 0.43 4.22 0 0 0 0 0 347
 289 37 2 0.00 5.28 0 0 1 0 0 348
 289 37 2 0.43 4.89 0 0 0 1 0 348
 289 37 2 0.14 4.92 0 0 0 0 1 348
 289 37 1 0.43 4.22 0 1 0 0 0 348
