   1 27 45   1   3  3  3  4  2  4  5  4  3  4  2  4
   2 27 45   1   4  4  3  3  2  4  5  3  3  5  5  5
   3 27 45   1   5  4  3  3  1  4  5  4  3  4  1  4
   4 27 45   2   5  5  2  2  3  2  3  4  3  3  3  3
   5 27 45   2   3  3  3  3  3  3  2  2  3  3  3  3
   6 27 45   1   4  3  4  2  3  3  5  4  3  4  1  4
   7 27 45   1   2  3  4  3  3  3  4  3  3  4  3  3
   8 27 45   1   1  3  4  3  3  3  5  3  3  4  2  4
   9 27 45   1   5  4  4  5  3  3  4  6  5  5  3  3
  10 27 45   2   3  2  3  3  3  3  1  3  3  3  3  3
  11 27 45   2   5  5  3  5  2  4  4  4  3  4  3  4
  12 27 45   1   3  3  3  3  3  3  4  4  3  2  2  2
  13 27 45   1   4  3  3  4  3  4  5  4  2  4  1  4
  14 27 45   3   5  3  3  4  4  2  5  5  3  2  4  4
  15 27 45   2   3  4  4  3  3  3  2  4  4  3  3  3
  16 27 45   1   3  3  3  4  3  3  5  5  3  5  3  2
  17 27 45   1   2  2  3  3  3  3  5  5  4  4  1  4
  18 27 45   2   5  4  3  2  5  2  4  4  3  3  4  3
  19 27 45   1   2  4  5  4  3  3  6  6  5  5  2  5
  20 27 45   2   4  3  3  4  2  4  3  3  3  3  3  3
  21 27 45   2   4  4  4  2  4  2  4  4  3  3  4  2
  22 27 45   1   4  3  3  4  2  4  5  3  3  5  2  5
  23 27 45   1   3  3  3  3  2  4  4  3  3  2  2  3
  24 27 45   1   4  3  3  3  3  3  4  4  3  3  3  3
  25 27 45   1   2  4  3  4  2  4  5  4  4  5  2  4
  26 27 45   1   4  4  4  4  4  3  2  4  3  4  3  4
  27 27 45   1   5  5  3  4  2  4  6  5  3  5  5  5
  28 27 45   1   1  1  4  3  3  3  4  5  4  4  2  4
  29 27 45   2   3  2  3  3  2  3  1  1  3  3  3  3
  30 27 45   1   2  2  3  3  3  3  5  3  3  4  4  2
  31 27 45   2   5  4  3  4  2  4  4  4  3  3  2  4
  32 27 45   2   5  5  3  5  4  3  5  5  3  4  3  4
  33 27 45   2   4  3  4  4  3  4  3  2  3  3  2  3
  34 27 45   2   5  4  3  4  3  2  3  3  3  3  3  3
  35 27 45   2   3  4  3  3  3  3  5  4  3  3  3  3
  36 27 45   1   4  4  3  3  3  3  5  4  3  4  1  4
  37 27 45   1   1  2  4  3  3  3  4  2  4  2  4  2
  38 27 45   2   5  5  4  4  3  4  3  3  3  3  3  3
  39 27 45   2   5  5  4  4  3  4  2  3  4  4  2  3
  40 27 45   1   2  2  3  3  3  3  3  3  3  2  2  4
  41 27 45   1   5  1  3  2  2  1  4  4  3  2  4  2
  42 27 45   1   5  4  4  4  3  4  6  6  4  2  3  3
  43 27 45   1   4  4  3  4  5  4  5  5  0  5  5  4
  44 27 45   2   4  4  3  3  3  3  3  2  3  3  3  3
  45 27 45   2   1  1  3  3  3  3  1  1  3  3  3  3
  46 27 45   1   2  2  4  4  3  3  5  3  4  3  3  3
  47 27 45   1   3  3  4  4  2  4  3  4  2  4  3  3
  48 27 45   2   4  4  3  3  3  3  4  4  3  3  3  3
  49 27 45   1   4  2  3  3  3  3  5  3  3  2  2  2
  50 27 45   1   4  3  3  4  2  4  6  4  3  5  2  4
  51 27 45   1   4  4  3  3  3  3  5  4  3  5  2  4
  52 27 45   2   4  3  4  4  3  4  4  3  3  3  5  3
  53 27 45   1   3  3  3  3  3  3  4  4  3  2  4  2
  54 27 45   1   3  4  3  2  2  3  6  5  4  2  5  1
  55 27 45   1   1  1  3  3  3  3  5  4  4  4  3  4
  56 27 45   2   2  1  4  4  3  3  1  1  3  3  3  3
  57 27 45   1   3  4  4  3  3  2  4  4  4  2  3  2
  58 27 45   2   5  3  4  4  1  5  2  2  3  3  3  3
  59 27 45   1   3  3  3  3  5  2  6  3  3  1  5  1
  60 27 45   2   5  4  4  5  2  4  4  4  3  4  2  4
  61 27 45   1   5  4  4  5  2  4  5  4  4  5  2  5
  62 27 45   2   5  5  4  5  5  4  4  4  4  3  3  3
  63 27 45   3   5  4  4  4  3  4  5  4  3  4  0  4
  64 27 45   2   6  6  5  1  5  1  3  3  3  3  3  3
  65 27 45   3   2  2  3  3  3  3  2  3  3  3  3  3
  66 27 45   1   1  3  5  3  5  5  4  4  4  1  4  2
  67 27 45   1   5  6  2  2  5  4  6  5  2  1  1  5
  68 27 45   1   4  3  3  3  2  3  6  4  3  1  3  2
  69 27 45   3   3  6  5  3  3  3  3  5  4  3  3  3
  70 27 45   1   4  3  3  3  2  3  4  3  3  3  3  2
  71 27 45   1   1  1  3  3  3  3  4  4  3  4  2  4
  72 27 45   1   3  4  4  3  3  3  5  3  3  5  2  4
  73 27 45   1   4  5  3  3  3  3  5  5  3  4  2  4
  74 27 45   2   5  4  3  2  4  1  4  4  4  3  3  3
  75 27 45   2   4  5  3  3  4  5  3  3  3  3  3  3
  76 27 45   2   4  5  4  4  3  4  4  4  3  3  3  3
  77 27 45   2   3  4  4  3  3  3  2  3  3  3  3  3
  78 27 45   1   4  4  4  4  4  3  6  5  4  5  4  4
  79 27 45   3   2  2  3  4  3  4  2  3  3  4  3  4
  80 27 45   2   4  4  3  4  2  4  3  3  3  3  3  3
  81 27 45   1   2  2  3  3  3  3  4  2  4  2  4  2
  82 27 45   1   2  2  3  3  3  3  6  4  3  5  5  5
  83 27 45   1   2  1  3  3  3  3  3  2  2  2  4  2
  84 27 45   3   1  1  3  3  3  3  1  1  3  3  3  3
  85 27 45   1   3  3  3  4  2  3  4  3  2  3  4  3
  86 27 45   2   4  6  4  4  3  4  4  2  3  3  3  3
  87 27 45   1   3  3  3  3  3  3  4  3  3  4  3  4
  88 27 45   2   3  3  3  4  2  3  2  3  3  3  3  3
  89 27 45   2   4  5  4  4  3  2  2  3  3  3  3  3
  90 27 45   1   2  2  3  3  3  3  5  2  4  4  3  4
  91 27 45   1   3  3  3  3  3  4  5  4  3  4  2  4
  92 27 45   2   2  5  5  4  3  5  4  5  5  4  2  4
  93 27 45   1   4  4  3  4  3  3  4  4  4  3  2  3
  94 27 45   3   5  4  4  4  2  4  5  3  3  2  2  3
  95 27 45   2   4  4  3  3  3  3  3  3  3  3  3  3
  96 27 45   1   4  3  4  3  2  3  6  6  4  4  2  5
  97 27 45   1   3  4  3  4  2  3  5  4  2  2  1  2
  98 27 45   1   5  5  3  5  1  4  6  5  4  4  2  4
  99 27 45   1   3  3  3  3  3  3  5  4  3  4  2  4
 100 27 45   1   4  3  4  4  3  5  3  3  3  3  3  3
 101 45 27   2   4  4  3  2  5  3  3  3  3  3  3  3
 102 45 27   1   3  4  2  3  3  3  4  3  3  3  3  3
 103 45 27   1   2  2  4  3  2  4  2  2  4  4  2  4
 104 45 27   2   4  4  4  4  3  3  3  3  3  3  2  3
 105 45 27   1   4  4  3  3  2  3  5  4  3  2  1  5
 106 45 27   1   3  1  3  4  3  3  4  3  3  4  3  4
 107 45 27   3   4  4  3  3  3  3  4  4  3  3  3  3
 108 45 27   1   5  1  3  4  3  3  4  1  3  5  3  3
 109 45 27   2   5  1  3  4  3  3  3  3  3  3  3  3
 110 45 27   2   4  3  3  4  3  4  2  3  4  3  3  3
 111 45 27   2   6  5  4  5  4  4  5  4  3  4  3  3
 112 45 27   1   4  4  3  2  3  3  5  4  3  2  3  2
 113 45 27   2   5  4  3  4  3  3  4  4  4  3  4  3
 114 45 27   1   3  3  3  3  3  3  4  4  2  2  3  2
 115 45 27   2   3  3  3  3  3  3  3  3  3  3  3  3
 116 45 27   1   1  3  3  3  3  3  5  4  3  2  4  2
 117 45 27   1   5  5  3  4  2  4  5  5  3  3  2  4
 118 45 27   2   4  4  4  4  3  4  3  3  3  3  2  3
 119 45 27   2   5  2  3  3  4  3  4  5  3  4  5  1
 120 45 27   2   5  4  3  3  3  3  2  2  3  3  3  3
 121 45 27   1   5  5  4  4  3  5  6  5  3  4  3  4
 122 45 27   2   4  2  3  2  2  2  1  1  3  3  3  3
 123 45 27   1   4  1  3  3  3  3  0  3  3  2  4  1
 124 45 27   3   5  5  4  4  2  4  5  5  4  4  2  4
 125 45 27   2   5  4  4  4  2  4  4  4  4  4  3  3
 126 45 27   1   3  4  3  4  3  3  5  4  4  4  3  5
 127 45 27   2   3  3  4  4  5  4  2  3  3  3  3  3
 128 45 27   2   4  3  3  3  3  2  3  3  3  3  3  3
 129 45 27   2   3  3  3  4  3  4  3  3  3  3  2  3
 130 45 27   2   2  2  3  3  3  3  4  3  3  3  3  3
 131 45 27   1   3  2  3  4  3  3  4  4  3  2  2  4
 132 45 27   1   1  1  3  3  5  3  3  1  3  2  4  2
 133 45 27   2   5  5  4  4  2  4  5  5  4  4  2  4
 134 45 27   1   2  2  3  3  3  3  4  4  4  4  2  4
 135 45 27   2   3  4  3  4  3  3  3  2  3  2  2  3
 136 45 27   1   4  4  3  3  3  3  4  4  3  3  2  3
 137 45 27   2   4  5  4  2  3  2  3  2  3  3  3  3
 138 45 27   1   3  3  3  3  3  3  4  4  3  2  4  2
 139 45 27   1   3  3  3  3  3  3  4  4  3  2  4  2
 140 45 27   2   5  5  3  2  4  3  3  3  3  3  3  3
 141 45 27   3   6  4  3  2  1  1  6  6  4  2  1  2
 142 45 27   1   1  1  3  3  3  3  4  3  3  3  3  3
 143 45 27   1   1  4  4  3  3  3  4  2  3  2  4  2
 144 45 27   1   1  1  3  4  3  3  4  1  3  4  3  3
 145 45 27   1   2  3  3  3  3  3  4  3  3  2  4  2
 146 45 27   2   4  4  4  4  3  4  3  4  3  3  3  3
 147 45 27   2   5  5  4  2  2  2  3  4  3  3  3  3
 148 45 27   1   2  2  3  3  3  3  5  4  4  4  4  4
 149 45 27   1   2  1  3  2  3  3  6  1  3  1  4  4
 150 45 27   1   4  5  4  4  2  4  4  4  3  5  2  4
 151 45 27   2   5  4  3  5  4  4  4  3  3  3  3  3
 152 45 27   1   3  4  4  3  2  3  6  5  4  5  3  4
 153 45 27   1   4  5  4  3  3  3  5  4  3  3  2  5
 154 45 27   1   3  3  3  3  3  4  5  3  3  4  2  2
 155 45 27   2   6  4  3  1  5  1  5  4  5  2  2  2
 156 45 27   1   2  2  3  3  3  3  4  3  4  2  3  2
 157 45 27   2   5  5  4  4  3  3  4  4  4  3  3  3
 158 45 27   2   4  5  4  2  3  3  3  5  3  3  3  3
 159 45 27   3   2  2  4  3  3  3  3  3  4  3  3  3
 160 45 27   2   3  4  4  3  4  2  2  4  3  3  3  3
 161 45 27   2   4  4  3  3  4  2  3  3  3  3  3  3
 162 45 27   1   3  4  3  4  3  3  4  5  5  2  4  2
 163 45 27   3   4  3  4  2  4  2  4  4  3  2  2  3
 164 45 27   1   4  4  3  4  2  4  4  4  3  4  2  4
 165 45 27   1   3  5  4  3  3  3  5  5  4  4  4  4
 166 45 27   2   5  4  4  4  5  2  4  4  3  3  3  3
 167 45 27   1   2  1  3  3  3  3  5  4  4  4  4  2
 168 45 27   2   5  2  3  2  5  2  1  1  3  3  3  3
 169 45 27   1   4  1  3  4  3  3  5  5  2  2  3  2
 170 45 27   1   5  5  3  4  3  3  6  5  3  4  2  4
 171 45 27   3   2  1  3  3  3  3  3  3  3  3  3  3
 172 45 27   2   5  2  3  4  2  4  4  3  3  3  2  3
 173 45 27   2   6  4  3  5  5  5  4  3  3  3  3  3
 174 45 27   1   2  3  2  5  2  2  5  4  4  5  5  2
 175 45 27   1   3  4  4  4  3  3  4  4  4  3  2  3
 176 45 27   1   5  5  2  5  3  4  5  5  2  5  2  4
 177 45 27   1   1  2  3  3  3  3  5  2  4  2  2  1
 178 45 27   1   3  3  3  4  3  3  4  2  3  3  3  3
 179 45 27   1   1  1  3  3  3  3  2  2  3  3  3  3
 180 45 27   1   4  4  3  2  5  2  5  4  4  2  5  2
 181 45 27   1   4  4  3  3  3  5  5  4  3  2  3  2
 182 45 27   1   4  4  4  4  3  4  4  4  4  4  4  4
 183 45 27   2   5  4  3  2  4  2  5  4  3  2  2  3
 184 45 27   1   3  2  3  3  3  3  6  4  4  2  4  2
 185 45 27   1   3  5  3  4  3  3  5  4  3  4  4  2
 186 45 27   2   5  5  3  4  5  2  5  5  3  4  3  3
 187 45 27   1   3  3  3  4  3  3  5  4  3  4  4  2
 188 45 27   1   4  4  3  3  3  3  5  4  3  1  2  4
 189 45 27   2   4  4  3  3  3  3  4  4  3  3  3  3
 190 45 27   1   3  2  3  3  5  3  5  4  4  4  5  5
 191 45 27   2   6  2  3  1  5  1  5  2  3  2  5  1
 192 45 27   3   5  2  3  5  1  5  5  2  3  4  2  2
 193 45 27   1   4  4  3  3  3  3  4  4  3  2  3  2
 194 45 27   1   3  3  3  4  2  3  5  4  3  2  4  2
 195 45 27   2   3  4  4  3  3  3  3  3  4  3  3  3
 196 45 27   1   4  4  3  3  3  5  5  5  2  1  5  1
 197 45 27   2   4  4  4  4  3  3  3  3  3  3  3  3
 198 45 27   2   4  4  4  4  3  3  4  4  4  3  3  3
 199 45 27   2   4  4  4  4  3  3  3  4  3  3  2  3
 200 45 27   1   2  2  3  3  3  3  4  4  3  2  4  2
