  1  1  1  1  0  0  0    1
  1  2  2  0  1  0  0    1
  1  3  2  0  0  1  1    1
  2  1  2  1  0  0  1    2
  2  2  1  0  1  0  0    2
  2  3  2  0  0  1  0    2
  3  1  2  1  0  0  1    3
  3  2  2  0  1  0  0    3
  3  3  1  0  0  1  1    3
  4  1  2  1  0  0  1    4
  4  2  2  0  1  0  1    4
  4  3  1  0  0  1  1    4
  5  1  1  1  0  0  1    5
  5  2  2  0  1  0  1    5
  5  3  2  0  0  1  0    5
  6  1  2  1  0  0  1    6
  6  2  2  0  1  0  0    6
  6  3  1  0  0  1  0    6
  7  1  2  1  0  0  0    7
  7  2  1  0  1  0  1    7
  7  3  2  0  0  1  0    7
  8  1  1  1  0  0  0    8
  8  2  2  0  1  0  1    8
  8  3  2  0  0  1  0    8
  9  1  2  1  0  0  0    9
  9  2  1  0  1  0  0    9
  9  3  2  0  0  1  0    9
 10  1  2  1  0  0  0   10
 10  2  1  0  1  0  1   10
 10  3  2  0  0  1  0   10
 11  1  2  1  0  0  1   11
 11  2  2  0  1  0  1   11
 11  3  1  0  0  1  1   11
 12  1  2  1  0  0  0   12
 12  2  2  0  1  0  0   12
 12  3  1  0  0  1  0   12
 13  1  2  1  0  0  1   13
 13  2  2  0  1  0  1   13
 13  3  1  0  0  1  1   13
 14  1  2  1  0  0  0   14
 14  2  1  0  1  0  1   14
 14  3  2  0  0  1  0   14
 15  1  1  1  0  0  0   15
 15  2  2  0  1  0  0   15
 15  3  2  0  0  1  0   15
 16  1  2  1  0  0  0   16
 16  2  1  0  1  0  0   16
 16  3  2  0  0  1  0   16
 17  1  2  1  0  0  1   17
 17  2  2  0  1  0  0   17
 17  3  1  0  0  1  0   17
 18  1  1  1  0  0  0   18
 18  2  2  0  1  0  0   18
 18  3  2  0  0  1  1   18
 19  1  1  1  0  0  1   19
 19  2  2  0  1  0  1   19
 19  3  2  0  0  1  0   19
 20  1  1  1  0  0  0   20
 20  2  2  0  1  0  0   20
 20  3  2  0  0  1  0   20
 21  1  1  1  0  0  0   21
 21  2  2  0  1  0  0   21
 21  3  2  0  0  1  1   21
 22  1  2  1  0  0  0   22
 22  2  2  0  1  0  0   22
 22  3  1  0  0  1  0   22
 23  1  2  1  0  0  1   23
 23  2  2  0  1  0  1   23
 23  3  1  0  0  1  0   23
 24  1  2  1  0  0  0   24
 24  2  1  0  1  0  0   24
 24  3  2  0  0  1  0   24
 25  1  2  1  0  0  1   25
 25  2  2  0  1  0  1   25
 25  3  1  0  0  1  0   25
 26  1  2  1  0  0  0   26
 26  2  1  0  1  0  0   26
 26  3  2  0  0  1  0   26
 27  1  2  1  0  0  0   27
 27  2  1  0  1  0  1   27
 27  3  2  0  0  1  1   27
 28  1  1  1  0  0  1   28
 28  2  2  0  1  0  1   28
 28  3  2  0  0  1  0   28
 29  1  2  1  0  0  0   29
 29  2  2  0  1  0  0   29
 29  3  1  0  0  1  0   29
 30  1  1  1  0  0  0   30
 30  2  2  0  1  0  0   30
 30  3  2  0  0  1  0   30
 31  1  2  1  0  0  0   31
 31  2  2  0  1  0  0   31
 31  3  1  0  0  1  0   31
 32  1  2  1  0  0  1   32
 32  2  1  0  1  0  0   32
 32  3  2  0  0  1  0   32
 33  1  2  1  0  0  0   33
 33  2  2  0  1  0  0   33
 33  3  1  0  0  1  0   33
 34  1  1  1  0  0  1   34
 34  2  2  0  1  0  0   34
 34  3  2  0  0  1  0   34
 35  1  2  1  0  0  0   35
 35  2  1  0  1  0  0   35
 35  3  2  0  0  1  1   35
 36  1  2  1  0  0  0   36
 36  2  1  0  1  0  1   36
 36  3  2  0  0  1  0   36
 37  1  2  1  0  0  0   37
 37  2  1  0  1  0  1   37
 37  3  2  0  0  1  1   37
 38  1  2  1  0  0  1   38
 38  2  2  0  1  0  0   38
 38  3  1  0  0  1  0   38
 39  1  2  1  0  0  0   39
 39  2  2  0  1  0  1   39
 39  3  1  0  0  1  0   39
 40  1  2  1  0  0  0   40
 40  2  2  0  1  0  1   40
 40  3  1  0  0  1  0   40
 41  1  2  1  0  0  0   41
 41  2  1  0  1  0  1   41
 41  3  2  0  0  1  1   41
 42  1  2  1  0  0  0   42
 42  2  2  0  1  0  0   42
 42  3  1  0  0  1  0   42
 43  1  2  1  0  0  0   43
 43  2  1  0  1  0  0   43
 43  3  2  0  0  1  1   43
 44  1  2  1  0  0  1   44
 44  2  1  0  1  0  0   44
 44  3  2  0  0  1  0   44
 45  1  1  1  0  0  1   45
 45  2  2  0  1  0  0   45
 45  3  2  0  0  1  1   45
 46  1  2  1  0  0  0   46
 46  2  1  0  1  0  1   46
 46  3  2  0  0  1  0   46
 47  1  2  1  0  0  0   47
 47  2  2  0  1  0  0   47
 47  3  1  0  0  1  1   47
 48  1  1  1  0  0  0   48
 48  2  2  0  1  0  1   48
 48  3  2  0  0  1  0   48
 49  1  2  1  0  0  1   49
 49  2  2  0  1  0  0   49
 49  3  1  0  0  1  1   49
 50  1  2  1  0  0  0   50
 50  2  2  0  1  0  0   50
 50  3  1  0  0  1  0   50
 51  1  2  1  0  0  0   51
 51  2  1  0  1  0  0   51
 51  3  2  0  0  1  0   51
 52  1  1  1  0  0  0   52
 52  2  2  0  1  0  0   52
 52  3  2  0  0  1  1   52
 53  1  2  1  0  0  0   53
 53  2  1  0  1  0  0   53
 53  3  2  0  0  1  1   53
 54  1  2  1  0  0  1   54
 54  2  1  0  1  0  0   54
 54  3  2  0  0  1  0   54
 55  1  2  1  0  0  1   55
 55  2  2  0  1  0  0   55
 55  3  1  0  0  1  0   55
 56  1  1  1  0  0  0   56
 56  2  2  0  1  0  0   56
 56  3  2  0  0  1  0   56
 57  1  2  1  0  0  0   57
 57  2  1  0  1  0  1   57
 57  3  2  0  0  1  0   57
 58  1  2  1  0  0  0   58
 58  2  2  0  1  0  0   58
 58  3  1  0  0  1  0   58
 59  1  2  1  0  0  1   59
 59  2  2  0  1  0  0   59
 59  3  1  0  0  1  1   59
 60  1  1  1  0  0  1   60
 60  2  2  0  1  0  0   60
 60  3  2  0  0  1  0   60
 61  1  2  1  0  0  0   61
 61  2  1  0  1  0  0   61
 61  3  2  0  0  1  0   61
 62  1  1  1  0  0  0   62
 62  2  2  0  1  0  0   62
 62  3  2  0  0  1  0   62
 63  1  2  1  0  0  1   63
 63  2  1  0  1  0  0   63
 63  3  2  0  0  1  1   63
 64  1  1  1  0  0  0   64
 64  2  2  0  1  0  1   64
 64  3  2  0  0  1  0   64
 65  1  1  1  0  0  0   65
 65  2  2  0  1  0  0   65
 65  3  2  0  0  1  0   65
 66  1  2  1  0  0  0   66
 66  2  2  0  1  0  1   66
 66  3  1  0  0  1  0   66
 67  1  1  1  0  0  0   67
 67  2  2  0  1  0  0   67
 67  3  2  0  0  1  0   67
 68  1  2  1  0  0  0   68
 68  2  1  0  1  0  0   68
 68  3  2  0  0  1  1   68
 69  1  1  1  0  0  0   69
 69  2  2  0  1  0  1   69
 69  3  2  0  0  1  0   69
 70  1  2  1  0  0  1   70
 70  2  2  0  1  0  0   70
 70  3  1  0  0  1  0   70
 71  1  2  1  0  0  0   71
 71  2  2  0  1  0  1   71
 71  3  1  0  0  1  1   71
 72  1  2  1  0  0  0   72
 72  2  1  0  1  0  0   72
 72  3  2  0  0  1  0   72
 73  1  2  1  0  0  0   73
 73  2  2  0  1  0  1   73
 73  3  1  0  0  1  1   73
 74  1  1  1  0  0  0   74
 74  2  2  0  1  0  0   74
 74  3  2  0  0  1  0   74
 75  1  2  1  0  0  0   75
 75  2  2  0  1  0  0   75
 75  3  1  0  0  1  1   75
 76  1  2  1  0  0  0   76
 76  2  2  0  1  0  0   76
 76  3  1  0  0  1  0   76
 77  1  2  1  0  0  0   77
 77  2  1  0  1  0  0   77
 77  3  2  0  0  1  0   77
 78  1  2  1  0  0  0   78
 78  2  1  0  1  0  0   78
 78  3  2  0  0  1  0   78
 79  1  2  1  0  0  1   79
 79  2  1  0  1  0  1   79
 79  3  2  0  0  1  0   79
 80  1  1  1  0  0  1   80
 80  2  2  0  1  0  1   80
 80  3  2  0  0  1  0   80
 81  1  2  1  0  0  0   81
 81  2  1  0  1  0  1   81
 81  3  2  0  0  1  0   81
 82  1  2  1  0  0  0   82
 82  2  1  0  1  0  0   82
 82  3  2  0  0  1  0   82
 83  1  2  1  0  0  0   83
 83  2  1  0  1  0  0   83
 83  3  2  0  0  1  0   83
 84  1  2  1  0  0  1   84
 84  2  1  0  1  0  1   84
 84  3  2  0  0  1  0   84
 85  1  2  1  0  0  1   85
 85  2  2  0  1  0  0   85
 85  3  1  0  0  1  0   85
 86  1  2  1  0  0  1   86
 86  2  2  0  1  0  1   86
 86  3  1  0  0  1  0   86
 87  1  2  1  0  0  0   87
 87  2  1  0  1  0  0   87
 87  3  2  0  0  1  0   87
 88  1  1  1  0  0  1   88
 88  2  2  0  1  0  0   88
 88  3  2  0  0  1  0   88
 89  1  2  1  0  0  0   89
 89  2  2  0  1  0  0   89
 89  3  1  0  0  1  1   89
 90  1  2  1  0  0  0   90
 90  2  1  0  1  0  0   90
 90  3  2  0  0  1  1   90
 91  1  1  1  0  0  1   91
 91  2  2  0  1  0  1   91
 91  3  2  0  0  1  0   91
 92  1  2  1  0  0  0   92
 92  2  2  0  1  0  1   92
 92  3  1  0  0  1  0   92
 93  1  2  1  0  0  0   93
 93  2  2  0  1  0  0   93
 93  3  1  0  0  1  1   93
 94  1  2  1  0  0  0   94
 94  2  1  0  1  0  1   94
 94  3  2  0  0  1  1   94
 95  1  2  1  0  0  1   95
 95  2  2  0  1  0  1   95
 95  3  1  0  0  1  0   95
 96  1  2  1  0  0  0   96
 96  2  2  0  1  0  0   96
 96  3  1  0  0  1  0   96
 97  1  1  1  0  0  0   97
 97  2  2  0  1  0  0   97
 97  3  2  0  0  1  0   97
 98  1  1  1  0  0  0   98
 98  2  2  0  1  0  0   98
 98  3  2  0  0  1  1   98
 99  1  2  1  0  0  1   99
 99  2  2  0  1  0  0   99
 99  3  1  0  0  1  0   99
100  1  1  1  0  0  0  100
100  2  2  0  1  0  0  100
100  3  2  0  0  1  0  100
101  1  2  1  0  0  0  101
101  2  1  0  1  0  1  101
101  3  2  0  0  1  0  101
102  1  1  1  0  0  1  102
102  2  2  0  1  0  0  102
102  3  2  0  0  1  1  102
103  1  1  1  0  0  0  103
103  2  2  0  1  0  0  103
103  3  2  0  0  1  1  103
104  1  1  1  0  0  1  104
104  2  2  0  1  0  0  104
104  3  2  0  0  1  0  104
105  1  2  1  0  0  0  105
105  2  2  0  1  0  1  105
105  3  1  0  0  1  1  105
106  1  2  1  0  0  0  106
106  2  1  0  1  0  0  106
106  3  2  0  0  1  0  106
107  1  1  1  0  0  0  107
107  2  2  0  1  0  0  107
107  3  2  0  0  1  0  107
108  1  1  1  0  0  0  108
108  2  2  0  1  0  1  108
108  3  2  0  0  1  0  108
109  1  1  1  0  0  0  109
109  2  2  0  1  0  0  109
109  3  2  0  0  1  1  109
110  1  1  1  0  0  0  110
110  2  2  0  1  0  0  110
110  3  2  0  0  1  1  110
111  1  2  1  0  0  0  111
111  2  1  0  1  0  0  111
111  3  2  0  0  1  1  111
112  1  2  1  0  0  0  112
112  2  2  0  1  0  1  112
112  3  1  0  0  1  0  112
113  1  2  1  0  0  0  113
113  2  2  0  1  0  0  113
113  3  1  0  0  1  1  113
114  1  1  1  0  0  1  114
114  2  2  0  1  0  0  114
114  3  2  0  0  1  0  114
115  1  2  1  0  0  0  115
115  2  1  0  1  0  1  115
115  3  2  0  0  1  0  115
116  1  1  1  0  0  1  116
116  2  2  0  1  0  0  116
116  3  2  0  0  1  0  116
117  1  2  1  0  0  0  117
117  2  2  0  1  0  0  117
117  3  1  0  0  1  0  117
118  1  2  1  0  0  0  118
118  2  2  0  1  0  0  118
118  3  1  0  0  1  0  118
119  1  2  1  0  0  0  119
119  2  2  0  1  0  1  119
119  3  1  0  0  1  0  119
120  1  2  1  0  0  0  120
120  2  2  0  1  0  0  120
120  3  1  0  0  1  1  120
121  1  2  1  0  0  0  121
121  2  1  0  1  0  1  121
121  3  2  0  0  1  0  121
122  1  2  1  0  0  0  122
122  2  2  0  1  0  1  122
122  3  1  0  0  1  0  122
123  1  2  1  0  0  0  123
123  2  2  0  1  0  0  123
123  3  1  0  0  1  0  123
124  1  1  1  0  0  1  124
124  2  2  0  1  0  0  124
124  3  2  0  0  1  0  124
125  1  1  1  0  0  0  125
125  2  2  0  1  0  0  125
125  3  2  0  0  1  1  125
126  1  1  1  0  0  1  126
126  2  2  0  1  0  0  126
126  3  2  0  0  1  0  126
127  1  2  1  0  0  0  127
127  2  1  0  1  0  1  127
127  3  2  0  0  1  0  127
128  1  2  1  0  0  1  128
128  2  1  0  1  0  1  128
128  3  2  0  0  1  1  128
129  1  2  1  0  0  0  129
129  2  2  0  1  0  0  129
129  3  1  0  0  1  0  129
130  1  2  1  0  0  0  130
130  2  2  0  1  0  1  130
130  3  1  0  0  1  1  130
131  1  2  1  0  0  0  131
131  2  1  0  1  0  1  131
131  3  2  0  0  1  0  131
132  1  1  1  0  0  1  132
132  2  2  0  1  0  1  132
132  3  2  0  0  1  0  132
133  1  1  1  0  0  1  133
133  2  2  0  1  0  1  133
133  3  2  0  0  1  1  133
134  1  2  1  0  0  0  134
134  2  1  0  1  0  1  134
134  3  2  0  0  1  0  134
135  1  2  1  0  0  0  135
135  2  1  0  1  0  0  135
135  3  2  0  0  1  1  135
136  1  1  1  0  0  0  136
136  2  2  0  1  0  0  136
136  3  2  0  0  1  1  136
137  1  2  1  0  0  1  137
137  2  1  0  1  0  0  137
137  3  2  0  0  1  0  137
138  1  1  1  0  0  0  138
138  2  2  0  1  0  0  138
138  3  2  0  0  1  0  138
139  1  1  1  0  0  0  139
139  2  2  0  1  0  0  139
139  3  2  0  0  1  0  139
140  1  1  1  0  0  0  140
140  2  2  0  1  0  1  140
140  3  2  0  0  1  0  140
141  1  2  1  0  0  1  141
141  2  1  0  1  0  1  141
141  3  2  0  0  1  0  141
142  1  2  1  0  0  0  142
142  2  1  0  1  0  1  142
142  3  2  0  0  1  0  142
143  1  2  1  0  0  1  143
143  2  1  0  1  0  0  143
143  3  2  0  0  1  0  143
144  1  1  1  0  0  1  144
144  2  2  0  1  0  0  144
144  3  2  0  0  1  1  144
145  1  1  1  0  0  0  145
145  2  2  0  1  0  0  145
145  3  2  0  0  1  0  145
146  1  1  1  0  0  1  146
146  2  2  0  1  0  1  146
146  3  2  0  0  1  1  146
147  1  1  1  0  0  1  147
147  2  2  0  1  0  0  147
147  3  2  0  0  1  0  147
148  1  1  1  0  0  0  148
148  2  2  0  1  0  0  148
148  3  2  0  0  1  0  148
149  1  2  1  0  0  0  149
149  2  1  0  1  0  1  149
149  3  2  0  0  1  0  149
150  1  1  1  0  0  1  150
150  2  2  0  1  0  0  150
150  3  2  0  0  1  1  150
151  1  1  1  0  0  0  151
151  2  2  0  1  0  0  151
151  3  2  0  0  1  0  151
152  1  2  1  0  0  1  152
152  2  1  0  1  0  0  152
152  3  2  0  0  1  1  152
153  1  1  1  0  0  0  153
153  2  2  0  1  0  0  153
153  3  2  0  0  1  0  153
154  1  1  1  0  0  1  154
154  2  2  0  1  0  0  154
154  3  2  0  0  1  0  154
155  1  1  1  0  0  0  155
155  2  2  0  1  0  1  155
155  3  2  0  0  1  0  155
156  1  1  1  0  0  0  156
156  2  2  0  1  0  0  156
156  3  2  0  0  1  0  156
157  1  1  1  0  0  0  157
157  2  2  0  1  0  1  157
157  3  2  0  0  1  0  157
158  1  2  1  0  0  1  158
158  2  2  0  1  0  0  158
158  3  1  0  0  1  1  158
159  1  1  1  0  0  0  159
159  2  2  0  1  0  0  159
159  3  2  0  0  1  0  159
160  1  1  1  0  0  1  160
160  2  2  0  1  0  0  160
160  3  2  0  0  1  0  160
161  1  2  1  0  0  0  161
161  2  2  0  1  0  0  161
161  3  1  0  0  1  0  161
162  1  2  1  0  0  0  162
162  2  2  0  1  0  0  162
162  3  1  0  0  1  0  162
163  1  1  1  0  0  1  163
163  2  2  0  1  0  0  163
163  3  2  0  0  1  1  163
164  1  2  1  0  0  0  164
164  2  1  0  1  0  1  164
164  3  2  0  0  1  0  164
165  1  2  1  0  0  0  165
165  2  1  0  1  0  0  165
165  3  2  0  0  1  1  165
166  1  1  1  0  0  0  166
166  2  2  0  1  0  0  166
166  3  2  0  0  1  0  166
167  1  1  1  0  0  1  167
167  2  2  0  1  0  0  167
167  3  2  0  0  1  0  167
168  1  2  1  0  0  0  168
168  2  1  0  1  0  1  168
168  3  2  0  0  1  0  168
169  1  1  1  0  0  0  169
169  2  2  0  1  0  0  169
169  3  2  0  0  1  0  169
170  1  2  1  0  0  0  170
170  2  1  0  1  0  1  170
170  3  2  0  0  1  1  170
171  1  2  1  0  0  1  171
171  2  1  0  1  0  1  171
171  3  2  0  0  1  0  171
172  1  1  1  0  0  1  172
172  2  2  0  1  0  0  172
172  3  2  0  0  1  1  172
173  1  1  1  0  0  0  173
173  2  2  0  1  0  0  173
173  3  2  0  0  1  1  173
174  1  2  1  0  0  1  174
174  2  1  0  1  0  0  174
174  3  2  0  0  1  1  174
175  1  2  1  0  0  0  175
175  2  1  0  1  0  0  175
175  3  2  0  0  1  1  175
176  1  2  1  0  0  0  176
176  2  2  0  1  0  0  176
176  3  1  0  0  1  0  176
177  1  2  1  0  0  0  177
177  2  2  0  1  0  0  177
177  3  1  0  0  1  0  177
178  1  2  1  0  0  1  178
178  2  1  0  1  0  1  178
178  3  2  0  0  1  0  178
179  1  2  1  0  0  1  179
179  2  2  0  1  0  0  179
179  3  1  0  0  1  0  179
180  1  1  1  0  0  1  180
180  2  2  0  1  0  0  180
180  3  2  0  0  1  0  180
181  1  2  1  0  0  0  181
181  2  1  0  1  0  1  181
181  3  2  0  0  1  1  181
182  1  2  1  0  0  0  182
182  2  1  0  1  0  0  182
182  3  2  0  0  1  0  182
183  1  2  1  0  0  0  183
183  2  1  0  1  0  1  183
183  3  2  0  0  1  1  183
184  1  2  1  0  0  1  184
184  2  2  0  1  0  1  184
184  3  1  0  0  1  0  184
185  1  2  1  0  0  1  185
185  2  2  0  1  0  0  185
185  3  1  0  0  1  0  185
186  1  1  1  0  0  0  186
186  2  2  0  1  0  1  186
186  3  2  0  0  1  0  186
187  1  1  1  0  0  0  187
187  2  2  0  1  0  0  187
187  3  2  0  0  1  1  187
188  1  2  1  0  0  0  188
188  2  1  0  1  0  1  188
188  3  2  0  0  1  0  188
189  1  1  1  0  0  0  189
189  2  2  0  1  0  0  189
189  3  2  0  0  1  1  189
190  1  1  1  0  0  1  190
190  2  2  0  1  0  0  190
190  3  2  0  0  1  0  190
191  1  2  1  0  0  0  191
191  2  2  0  1  0  0  191
191  3  1  0  0  1  1  191
192  1  1  1  0  0  1  192
192  2  2  0  1  0  0  192
192  3  2  0  0  1  0  192
193  1  2  1  0  0  0  193
193  2  2  0  1  0  0  193
193  3  1  0  0  1  0  193
194  1  2  1  0  0  1  194
194  2  2  0  1  0  0  194
194  3  1  0  0  1  0  194
195  1  2  1  0  0  0  195
195  2  1  0  1  0  0  195
195  3  2  0  0  1  1  195
196  1  2  1  0  0  0  196
196  2  1  0  1  0  1  196
196  3  2  0  0  1  0  196
197  1  1  1  0  0  0  197
197  2  2  0  1  0  0  197
197  3  2  0  0  1  0  197
198  1  2  1  0  0  0  198
198  2  1  0  1  0  0  198
198  3  2  0  0  1  0  198
199  1  2  1  0  0  0  199
199  2  1  0  1  0  1  199
199  3  2  0  0  1  0  199
200  1  2  1  0  0  0  200
200  2  1  0  1  0  0  200
200  3  2  0  0  1  0  200
