   1   A    1.30   1   1
   1   B    1.25   0   0
   1   C    1.00   0   0
   2   A    1.50   0   1
   2   B    1.25   0   0
   2   C    1.00   0   0
   3   A    1.30   0   0
   3   B    1.25   0   1
   3   C    1.00   0   0
   4   A    1.50   0   1
   4   B    1.25   0   0
   4   C    1.00   0   0
   5   A    1.50   0   0
   5   B    0.75   1   1
   5   C    1.00   0   0
   6   A    1.50   0   0
   6   B    1.25   0   0
   6   C    1.00   0   1
   7   A    1.30   0   0
   7   B    0.75   0   1
   7   C    0.80   1   0
   8   A    1.50   0   1
   8   B    1.25   0   0
   8   C    1.00   0   0
   9   A    1.50   0   0
   9   B    0.75   1   0
   9   C    1.00   0   1
  10   A    1.50   0   0
  10   B    0.75   0   1
  10   C    1.00   0   0
  11   A    1.50   0   0
  11   B    1.25   0   0
  11   C    1.00   0   1
  12   A    1.50   0   0
  12   B    0.75   0   1
  12   C    0.80   1   0
  13   A    1.50   0   1
  13   B    1.25   0   0
  13   C    0.80   0   0
  14   A    1.50   0   0
  14   B    1.25   0   0
  14   C    1.00   0   1
  15   A    1.50   0   1
  15   B    0.75   0   0
  15   C    1.00   0   0
  16   A    1.30   1   1
  16   B    1.25   0   0
  16   C    1.00   0   0
  17   A    1.50   0   0
  17   B    1.25   0   0
  17   C    0.80   1   1
  18   A    1.30   0   0
  18   B    1.25   0   0
  18   C    0.80   0   1
  19   A    1.50   0   1
  19   B    1.25   0   0
  19   C    1.00   0   0
  20   A    1.50   0   0
  20   B    1.25   0   1
  20   C    1.00   0   0
  21   A    1.50   0   1
  21   B    1.25   0   0
  21   C    1.00   0   0
  22   A    1.50   0   0
  22   B    0.75   1   1
  22   C    0.80   0   0
  23   A    1.50   0   1
  23   B    1.25   0   0
  23   C    0.80   0   0
  24   A    1.30   1   0
  24   B    0.75   0   1
  24   C    1.00   0   0
  25   A    1.50   0   1
  25   B    1.25   0   0
  25   C    0.80   0   0
  26   A    1.50   0   0
  26   B    1.25   0   0
  26   C    0.80   0   1
  27   A    1.50   0   0
  27   B    1.25   0   0
  27   C    0.80   0   1
  28   A    1.50   0   0
  28   B    0.75   0   1
  28   C    1.00   0   0
  29   A    1.30   0   0
  29   B    1.25   0   0
  29   C    0.80   1   1
  30   A    1.50   0   0
  30   B    1.25   0   1
  30   C    1.00   0   0
  31   A    1.30   0   1
  31   B    1.25   0   0
  31   C    1.00   0   0
  32   A    1.50   0   0
  32   B    1.25   0   0
  32   C    1.00   0   1
  33   A    1.50   0   0
  33   B    1.25   0   0
  33   C    1.00   0   1
  34   A    1.30   1   1
  34   B    1.25   0   0
  34   C    0.80   0   0
  35   A    1.50   0   0
  35   B    0.75   1   1
  35   C    0.80   0   0
  36   A    1.50   0   0
  36   B    1.25   0   1
  36   C    1.00   0   0
  37   A    1.30   0   1
  37   B    1.25   0   0
  37   C    1.00   0   0
  38   A    1.50   0   0
  38   B    1.25   0   0
  38   C    0.80   1   1
  39   A    1.30   0   0
  39   B    1.25   0   0
  39   C    0.80   0   1
  40   A    1.30   0   1
  40   B    1.25   0   0
  40   C    1.00   0   0
