   50      0    4    4    4    4    4    4
    0     10    5    4    4    4    .    2
    0      5    3    2    3    4    4    4
    0      0    4    2    4    3    2    3
   80    100    4    3    2    5    4    4
   70     50    4    5    5    4    4    4
   50     90    4    4    4    5    4    4
    0      0    3    3    3    2    2    3
    0     10    3    4    4    4    4    5
    0      0    4    3    3    3    2    3
   30     70    2    2    2    5    5    5
   25     75    4    4    4    4    4    4
    0      0    3    4    4    3    2    3
    0     25    4    3    4    4    4    4
    0      5    4    4    4    3    3    3
    0     20    4    4    4    4    4    5
    0     25    3    4    4    4    4    3
    0      0    3    3    3    3    3    3
   20     30    4    3    3    3    4    5
    0     70    3    1    2    4    4    5
    0      0    4    2    2    2    3    3
   20     50    3    3    3    4    4    4
    5     25    3    4    3    4    4    4
    0     20    3    2    3    3    2    3
  100    100    5    5    5    5    5    5
   10     10    3    2    3    2    2    2
    0      0    2    4    2    3    3    4
  100     90    4    3    4    5    5    5
    0     50    4    4    4    4    4    3
    0      0    3    2    3    4    4    3
   90    100    5    4    4    5    5    5
    0     10    2    2    3    3    3    3
    0      0    .    3    4    3    2    3
    0     20    4    3    4    3    4    4
   75    100    5    4    2    5    5    5
   20     40    3    4    3    4    4    4
    5      5    4    2    2    2    2    4
    0     50    4    4    4    4    4    5
    0     10    4    4    4    4    4    4
    0     10    4    4    5    4    4    5
    1      1    4    4    4    3    3    3
    .     50    4    4    4    4    4    4
   50     10    5    5    4    4    4    5
    0      0    1    2    5    2    1    3
    0      0    5    4    4    3    1    3
    0      0    4    3    4    3    3    5
    0      0    3    4    3    3    4    4
   30     40    4    3    3    3    4    3
   85     99    5    5    5    5    5    5
    0      5    3    2    4    2    1    1
    0      5    3    4    4    2    2    2
    0     25    5    3    4    3    3    4
    0     50    2    3    3    4    4    4
    0     25    3    2    2    2    3    4
    0     10    4    3    3    4    3    4
    1     50    3    2    2    4    4    4
    0     10    5    4    3    4    3    4
   10     60    4    2    3    5    5    4
    0     20    2    4    4    3    4    4
    0      0    4    4    4    2    3    4
   50     95    5    4    5    4    4    4
    0     10    2    3    2    4    3    4
    1     15    4    3    4    4    4    3
   20     70    2    3    2    4    4    4
    0     70    4    2    4    4    4    4
   70      5    3    2    2    4    5    5
   10     25    2    4    2    4    3    4
    0     10    4    3    4    4    4    3
    0      0    5    3    4    4    4    4
    0      0    5    3    4    4    4    4
    0      0    3    4    3    2    2    2
    0      0    3    4    3    2    2    2
    .      .    4    3    5    .    .    .
    0     10    2    2    2    4    3    3
    0      5    2    2    2    4    3    4
   20     40    5    4    5    4    4    4
   25     75    4    4    3    5    5    5
   10     50    2    2    4    4    5    4
  100    100    5    3    3    5    5    5
    .      .    1    2    1    .    .    .
    0      5    3    3    3    3    3    3
    .      0    4    3    4    4    3    4
    0     50    4    2    3    5    4    4
   15     85    5    3    3    4    4    4
    0     20    3    3    4    4    4    4
    0      0    5    4    4    3    4    4
    0     10    5    3    4    4    4    4
   30     10    4    2    4    4    4    4
    .     10    4    3    3    4    4    4
   10     40    4    3    4    4    4    4
    0     10    4    3    3    4    4    4
    5     50    4    3    4    4    3    5
   10     30    3    2    2    4    4    5
   50     50    3    3    3    4    4    4
   50     80    4    4    3    4    4    3
    0     30    4    4    4    4    4    4
   10      5    4    3    4    4    3    3
    0      0    4    2    5    3    2    3
    0     10    2    2    3    3    4    4
   90      .    5    5    5    4    4    4
  100      .    4    3    5    5    4    5
    .      .    4    5    5    2    2    2
    0     25    4    2    3    4    4    4
    0      0    2    3    3    2    2    2
    0     20    2    3    2    4    4    5
    0     10    4    4    4    4    3    4
    0      0    5    4    4    4    4    4
   50     75    2    2    3    4    4    5
   10     50    5    3    5    3    4    4
   50     80    3    4    4    5    5    5
    .     25    2    3    3    4    4    4
    0     50    4    4    4    4    4    4
    0     50    3    4    3    4    4    4
    0      .    2    2    2    3    1    3
    0      5    2    3    2    4    3    4
    0      0    1    4    1    3    3    3
   85      0    5    3    3    3    3    3
    0     50    4    4    4    4    4    3
   20     30    2    2    1    4    3    4
    0     50    4    4    3    2    3    4
    0     60    4    2    4    4    4    4
    5      5    4    4    3    2    2    2
  100    100    4    4    4    5    4    4
    0     10    4    4    4    2    2    2
    5     10    4    2    3    3    3    4
    0     20    3    4    2    3    2    4
   50     93    3    3    4    5    5    5
    1      1    3    2    2    2    2    3
    0     10    3    3    2    2    2    3
    0     10    5    4    4    3    2    3
    .     90    3    3    3    4    3    4
   10     50    4    3    4    5    3    4
   10     30    4    2    2    4    4    4
    0      0    4    4    3    4    4    4
   10    100    3    4    3    4    4    4
    .     10    4    2    3    3    .    4
   10    100    1    2    2    3    3    4
   65     80    2    2    3    4    4    4
    .     50    5    2    4    5    5    5
  100     50    5    4    5    4    4    3
   10     90    5    5    4    5    5    4
    0     10    4    4    4    3    3    4
    5     10    4    4    3    3    2    2
    .     60    4    4    3    3    4    4
    0     10    4    4    4    4    2    4
    0     30    3    3    2    3    3    3
    .      .    4    3    3    .    .    .
   30     30    4    3    3    3    2    3
    .     25    4    4    4    4    4    4
    0     35    4    2    3    3    3    4
   10     25    2    2    3    3    3    3
    .     30    4    4    4    5    4    3
   10     70    4    4    4    4    4    4
   10     30    4    4    3    4    5    5
    0      0    2    2    3    4    3    4
   50     10    4    4    4    4    4    3
    0      .    1    1    1    .    .    .
    0     90    5    5    3    4    4    5
    .     50    3    4    4    5    5    5
    0      0    4    3    5    2    2    3
   10     30    4    4    2    3    3    4
    0     10    3    3    2    2    2    3
    2     20    3    2    3    3    4    4
    0     30    4    3    3    2    2    3
    0     20    5    3    4    4    4    4
    0      0    4    3    2    3    2    3
    0      0    4    3    2    3    2    3
    2      7    5    4    3    3    2    3
    .      5    5    3    3    4    3    3
   20     20    4    4    3    4    4    4
    0     10    3    4    2    3    2    3
    0     60    3    2    4    4    4    4
   20     80    3    2    3    5    4    4
   50     20    5    4    4    5    5    5
   20     50    3    4    4    5    4    4
    0     10    5    4    5    3    3    3
    0     20    3    2    3    3    3    3
   80    100    5    5    5    5    5    5
    0     30    4    4    4    4    3    3
   50    100    4    5    4    4    4    4
   20      5    3    2    2    3    3    3
   10     30    3    2    3    5    4    4
    0     50    4    2    4    4    4    4
    5     35    4    4    3    4    4    4
    0     20    4    3    2    5    3    4
    0      5    4    3    5    4    4    4
   10     15    2    3    2    4    2    3
    .     40    3    3    2    5    5    4
