 1001  6  3  3  4  5  1  1  7  1  624
 1002  4  4  4  4  3  5  2  4  3  616
 1003  4  5  5  4  4  5  4  3  4  764
 1004  3  5  3  4  4  4  1  6  2  630
 1005  2  5  3  1  6  2  5  6  5  685
 1006  2  5  1  2  5  1  2  4  4  626
 1007  1  7  1  3  7  3  1  7  2  562
 1008  5  4  6  6  3  7  3  4  5  604
 1009  4  2  4  4  2  4  5  2  6  638
 1010  2  6  2  3  5  3  2  3  3  635
 1011  6  2  7  5  3  6  7  3  7  646
 1012  7  3  6  7  2  7  5  2  5  687
 1013  3  4  4  1  5  2  5  6  4  704
 1014  2  5  2  2  6  2  1  6  1  690
 1015  2  5  2  2  6  1  2  5  3  591
 1016  5  4  5  5  4  5  3  5  5  684
 1017  6  6  3  6  6  3  5  4  6  692
 1018  3  6  2  4  6  3  4  4  5  662
 1019  4  5  2  5  4  3  5  3  5  610
 1020  5  4  4  4  4  4  5  2  4  631
 1021  6  5  4  5  6  3  1  7  2  605
 1022  4  4  4  4  3  4  4  3  4  655
 1023  2  7  2  1  7  1  4  3  2  759
 1024  4  4  1  4  4  1  6  4  7  700
 1025  3  6  5  2  7  4  7  3  7  684
 1026  4  3  3  4  3  4  6  5  5  733
 1027  7  2  7  5  4  5  6  2  5  703
 1028  2  5  3  1  6  2  3  5  2  644
 1029  3  5  6  3  5  6  5  3  7  626
 1030  3  5  4  3  5  4  4  3  4  587
 1031  4  4  3  4  4  3  5  4  5  631
 1032  3  4  3  5  3  4  3  4  3  656
 1033  5  3  3  3  5  1  6  4  4  697
 1034  4  5  1  5  3  2  3  6  3  681
 1035  3  6  2  2  7  1  1  5  2  532
 1036  6  3  6  6  3  5  5  1  5  690
 1037  5  3  3  5  4  3  6  1  5  639
 1038  3  5  1  4  4  2  1  7  1  596
 1039  6  2  7  6  2  7  3  5  5  625
 1040  3  7  3  3  6  4  3  6  3  659
 1041  4  5  4  5  4  5  3  6  3  612
 1042  3  4  2  3  5  1  1  4  4  713
 1043  5  4  4  4  5  3  5  5  2  570
 1044  5  6  1  3  7  1  4  2  4  604
 1045  4  3  5  4  3  5  3  4  4  641
 1046  2  6  5  3  5  6  4  5  3  573
 1047  4  3  2  4  3  2  1  5  1  658
 1048  5  4  2  3  6  1  3  6  3  674
 1049  2  7  3  1  7  2  3  4  4  562
 1050  4  3  3  2  5  2  1  7  3  665
 1051  6  2  6  6  2  6  2  4  4  656
 1052  7  2  5  6  2  5  6  1  6  663
 1053  5  2  5  6  1  6  3  6  5  579
 1054  7  3  5  6  4  5  5  4  4  647
 1055  5  4  6  5  4  6  1  7  2  552
 1056  3  4  4  4  4  4  6  2  6  646
 1057  6  2  5  6  2  5  6  3  5  736
 1058  4  4  3  4  4  4  6  3  5  730
 1059  5  1  7  6  1  7  2  6  3  635
 1060  4  6  2  3  7  1  4  4  4  732
 1061  2  5  3  1  7  1  4  5  2  590
 1062  5  4  5  7  2  7  3  7  4  567
 1063  3  6  1  3  6  1  5  4  4  558
 1064  6  2  5  7  1  6  2  6  4  612
 1065  5  3  4  5  3  4  4  5  5  716
 1066  4  4  5  5  4  5  3  5  4  703
 1067  4  6  3  2  7  1  3  6  1  643
 1068  1  6  2  2  4  4  1  5  2  633
 1069  2  6  3  1  7  2  4  4  4  657
 1070  3  6  3  4  5  4  5  3  4  616
 1071  6  3  5  5  4  4  3  4  2  645
 1072  6  3  6  6  2  6  4  5  3  567
 1073  4  4  4  4  3  4  7  4  5  706
 1074  3  3  2  2  4  2  3  4  3  759
 1075  2  6  5  3  5  6  4  5  2  655
 1076  5  2  6  4  3  5  4  2  6  693
 1077  3  5  3  4  4  4  3  6  4  800
 1078  1  5  3  1  6  2  1  5  2  549
 1079  4  2  5  5  2  5  3  6  4  606
 1080  2  4  3  3  3  4  1  3  2  517
 1081  5  1  4  6  1  6  3  4  6  618
 1082  3  3  4  2  5  3  2  7  3  625
 1083  1  7  1  1  7  1  2  5  4  607
 1084  2  7  2  1  7  1  2  6  4  643
 1085  2  5  5  1  6  3  3  3  6  611
 1086  1  7  2  1  7  1  2  5  3  627
 1087  1  6  3  1  6  3  6  4  5  599
 1088  2  5  1  2  5  1  4  4  3  660
 1089  4  4  2  4  3  3  5  3  4  698
 1090  1  6  2  1  7  1  3  4  4  582
 1091  2  3  3  3  2  4  4  7  3  691
 1092  5  3  7  5  3  7  4  4  3  655
 1093  3  6  2  3  6  2  3  4  2  649
 1094  5  4  4  4  5  3  4  2  5  581
 1095  3  6  5  3  5  5  1  5  2  622
 1096  2  6  2  2  6  2  4  4  4  696
 1097  4  1  4  3  2  3  5  3  3  713
 1098  3  7  1  1  7  1  3  6  6  620
 1099  3  5  2  3  5  3  1  5  2  690
 1100  5  2  5  5  2  6  6  3  4  608
 1101  5  3  5  6  2  6  3  3  3  756
 1102  4  5  4  5  4  4  5  4  5  643
 1103  3  5  4  3  5  5  2  6  1  656
 1104  1  4  1  1  4  1  2  7  1  620
 1105  4  4  4  4  4  4  5  4  5  689
 1106  3  4  6  3  4  6  3  3  6  617
 1107  2  4  1  1  5  1  3  3  3  621
 1108  4  5  5  3  6  4  7  4  4  723
 1109  1  4  3  1  6  2  4  5  3  612
 1110  5  3  3  6  2  4  5  3  6  695
 1111  3  6  4  3  6  4  3  4  4  665
 1112  4  3  4  4  3  4  2  5  3  612
 1113  1  5  2  1  6  2  4  1  3  646
 1114  4  1  3  3  2  2  2  6  2  699
 1115  3  5  2  3  4  2  4  5  5  530
 1116  4  5  4  4  5  4  5  4  3  563
 1117  5  5  4  6  3  6  3  6  4  730
 1118  4  7  2  3  7  1  4  5  4  665
 1119  6  4  7  6  3  7  5  4  3  705
 1120  3  4  4  1  7  2  2  5  2  571
 1121  1  7  1  1  7  1  3  3  5  678
 1122  4  5  4  5  4  4  1  4  3  622
 1123  1  6  4  1  5  5  2  4  4  689
 1124  2  6  3  2  6  3  1  6  1  569
 1125  1  5  1  1  6  1  3  5  3  648
 1126  6  3  4  5  4  3  6  3  4  627
 1127  7  3  5  7  1  6  5  3  6  598
 1128  6  3  3  7  1  5  3  4  2  583
 1129  4  2  5  5  1  6  3  5  4  680
 1130  5  1  7  6  1  7  6  3  6  596
 1131  4  5  4  5  4  5  3  5  1  623
 1132  6  5  5  7  4  5  4  4  5  644
 1133  2  7  2  2  7  3  4  4  5  613
 1134  3  4  4  3  5  4  5  3  3  631
 1135  2  7  3  2  7  3  2  6  4  657
 1136  5  4  6  4  5  4  2  6  5  645
 1137  7  1  6  7  1  6  5  3  4  683
 1138  4  4  6  5  3  7  3  4  4  653
 1139  6  2  4  7  2  4  5  3  5  614
 1140  4  3  4  5  2  5  5  3  4  722
 1141  2  6  2  3  5  3  4  2  4  632
