 57 61 40 43 80 53 69 58 64 78 65 71 45 46 62 43 67 43
 44 65 49 63 53 55 68 52 63 61 73 60 64 53 74 68 45 53
 50 34 55 44 46 36 40 45 34 27 36 46 30 53 36 26 52 46
 42 59 58 58 53 55 36 57 47 64 52 58 39 56 43 44 37 31
 67 54 48 36 64 38 70 61 43 51 48 65 42 59 54 53 64 54
 67 78 79 57 46 72 63 71 50 59 66 51 72 63 64 55 54 73
 57 39 27 77 58 74 49 27 61 43 77 44 60  9 38 75 45 44
 82 80 94 56 85 69 86 70 57 89 71 77 59 59 71 35 83 71
 72 73 66 60 41 54 29 83 57 63 49 49 49 79 72 68 45 72
 42 61 67 64 37 56 29 69 45 47 53 30 62 58 52 62 36 59
 55 56 52 54 50 52 49 45 52 60 61 44 50 56 62 49 42 57
 54 36 19 48 51 39 52 41 51 71 42 57 53 30 19 46 49 25
 57 48 64 68 57 67 53 56 67 47 64 48 73 56 66 54 50 55
 53 48 59 70 44 63 57 49 37 60 70 60 57 54 31 60 50 42
 45 44 40 44 49 66 66 49 52 53 49 53 57 48 41 52 63 53
 63 36 31 22 53 38 49 21 29 56 39 55 51 25 22 39 66 18
 46 43 36 21 40 35 76 32 34 60 41 42 36 25 49 37 40 43
 75 46 50 53 92 28 65 59 43 61 56 62 62 58 58 45 63 52
 60 81 63 53 50 76 55 53 55 58 56 48 66 75 73 71 48 49
 71 40 43 62 46 54 50 41 58 59 45 49 62 54 53 55 69 39
 53 59 66 42 49 55 45 54 47 65 43 62 66 38 35 48 53 54
 47 65 44 65 48 68 56 70 61 44 60 33 59 30 48 63 42 59
 23 79 55 59 43 64 39 71 48 38 64 40 54 78 57 57 42 75
 32 43 46 54 41 66 49 40 73 34 73 58 43 46 61 49 37 53
 49 45 65 31 64 39 69 70 39 55 19 57 37 54 50 39 76 44
 52 49 54 27 42 59 58 52 41 71 41 49 45 52 45 55 52 28
 46 48 43 68 51 51 68 58 51 57 69 51 45 71 60 47 58 57
 55 38 48 35 56 34 51 47 11 55 37 69 17 36 45 12 41 36
 43 52 62 49 39 54 40 53 51 52 55 42 49 54 59 66 38 68
 46 56 56 74 47 59 45 73 67 46 79 36 69 57 49 65 44 71
 33 73 51 63 43 75 57 58 81 22 80 46 65 57 44 72 34 68
 52 60 54 50 36 47 12 43 63 36 72 33 51 37 51 64 43 38
 46 62 53 58 40 56 53 56 44 65 45 43 28 67 58 45 65 65
 58 63 54 84 61 80 54 59 92 28 76 39 73 44 58 68 45 37
 48 45 52 68 52 80 58 30 65 60 75 57 54 30 41 69 54 56
 52 49 61 61 43 62 55 48 49 34 40 42 51 50 51 47 44 64
 41 47 31 65 47 74 24 65 79 24 57 23 68 45 27 65 33 47
 62 58 47 54 61 52 55 42 67 58 46 53 52 50 48 52 50 52
 61 51 74 75 42 68 48 48 65 55 55 58 60 71 51 55 52 57
 37 45 33 78 47 79 61 51 68 40 93 32 79 60 49 76 46 44
 57 66 64 41 73 44 63 61 48 74 35 57 30 61 59 32 68 65
 39 52 73 63 41 54 48 61 58 27 53 73 40 47 60 42 27 38
 31 53 57 44 51 54 50 61 32 51 54 50 48 63 46 39 61 57
 35 46 67 39 53 46 58 38 44 71 53 46 38 52 57 40 57 51
 50 30 55 46 52 50 64 40 50 48 32 68 54 49 41 44 64 38
 66 58 55 28 64 40 63 54 34 56 35 47 32 53 54 23 62 68
 53 81 67 85 48 69 48 63 34 45 52 47 69 87 67 74 60 65
 37 50 86 80 45 83 41 79 67 46 80 40 65 64 74 89 37 64
 44 74 71 42 58 62 34 55 39 71 49 64 50 74 68 44 75 45
 54 60 30 55 55 51 56 37 49 62 51 37 49 33 43 47 35 43
 42 44 59 60 49 45 48 51 63 38 65 56 68 56 41 46 39 54
 32 52 52 60 36 64 30 59 60 22 55 21 71 52 48 79 32 46
 75 60 54 59 84 58 84 57 53 63 54 69 53 56 50 52 78 45
 63 46 59 38 32 18 43 53 64 27 58 48 45 66 55 45 51 33
 46 53 35 44 38 34 41 58 47 43 40 28 57 37 42 61 35 56
 30 66 63 30 35 57 37 71 19 38 55 37 31 74 66 64 47 68
 44 45 65 48 37 54 45 57 45 36 49 43 54 74 62 52 44 68
 53 46 43 52 68 41 75 50 43 54 52 59 56 40 35 55 65 51
 39 52 39 37 45 49 49 36 25 25 37 38 39 21 21 36 46 43
 48 45 37 46 38 46 37 44 49 36 52 32 36 41 37 51 50 52
 32 64 53 44 39 51 40 76 39 47 42 46 35 69 64 48 46 67
 41 53 43 54 58 64 37 40 56 47 79 64 75 42 63 70 47 60
 42 62 65 57 29 53 60 70 50 58 53 52 49 50 67 37 48 74
 64 61 69 48 41 60 55 50 80 60 60 59 71 68 54 52 54 49
 51 65 60 66 38 57 58 78 49 48 62 57 78 53 58 70 47 58
 59 40 37 55 57 72 59 37 74 56 66 56 68 31 34 46 73 39
 74 57 52 71 63 76 76 61 67 53 75 64 74 65 48 61 61 48
 44 54 87 64 56 62 50 86 40 37 57 49 48 72 65 33 64 68
 23 40 39 51 30 58 50 39 56 37 69 35 71 36 39 62 39 42
 51 68 68 38 54 44 63 41 72 64 69 57 41 64 58 57 69 55
 48 24 50 54 63 59 71 63 51 58 74 36 38 57 60 51 61 56
 59 70 45 57 60 46 49 72 41 61 53 64 55 53 56 35 62 61
 59 61 45 70 71 59 75 59 53 80 58 81 57 37 56 70 73 46
 46 64 65 43 56 56 51 49 60 48 61 64 56 52 58 49 48 54
 61 53 67 65 61 61 65 42 58 59 57 71 58 42 52 55 68 51
 57 58 56 62 56 66 45 72 68 55 59 43 70 49 62 66 73 61
 62 50 63 32 81 23 56 47 48 67 39 63 33 54 59 44 68 37
 62 57 36 55 60 43 63 37 58 72 31 56 40 42 32 39 56 41
 78 70 73 71 71 56 59 58 58 59 55 53 69 50 53 49 61 61
 58 25 40 64 54 68 37 51 57 53 50 50 71 33 37 59 67 47
 71 43 44 46 62 48 68 34 53 81 41 68 44 45 42 49 64 70
 39 50 47 34 50 54 53 51 60 48 45 65 38 54 43 48 29 59
 79 51 38 55 51 51 63 23 50 76 48 63 47 46 30 51 45 28
 52 50 36 37 64 50 38 44 19 48 23 49 30 49 44 39 56 53
 34 50 60 59 62 49 33 45 56 38 57 39 61 66 67 57 44 23
 48 60 68 63 38 44 27 59 57 49 52 31 55 64 61 49 32 52
 81 47 51 68 65 59 76 38 59 71 75 61 66 61 48 50 57 40
 69 59 74 37 62 40 57 81 23 71 41 68 27 57 61 68 58 84
 42 63 35 54 64 69 39 45 52 51 68 49 65 75 44 58 42 45
 77 42 58 50 77 66 64 63 63 68 72 72 55 29 45 82 73 67
 67 51 50 77 68 66 70 43 55 72 52 75 46 49 35 57 66 36
 67 74 74 70 86 76 52 84 68 83 71 47 68 77 59 62 66 49
 48 65 67 67 62 65 53 79 61 50 93 61 73 75 83 81 55 72
 34 35 28 48 31 61 62 24 58 41 63 42 60 34 26 50 52 44
 69 42 47 63 79 70 66 61 58 76 67 86 60 48 72 56 63 51
 54 53 58 43 59 35 55 51 47 52 40 51 35 40 41 54 58 43
 23 48 49 39 46 43 43 65 60 30 64 56 39 55 68 49 34 55
 63 69 56 61 54 76 59 43 72 69 71 54 62 59 57 56 51 50
 70 38 69 61 67 46 47 50 57 65 69 70 61 58 44 65 41 48
 46 49 54 49 52 76 49 59 47 50 46 45 53 63 78 42 50 63
