X1  1.00
X2   .54 1.00
X3   .36  .49 1.00
X4   .30  .50  .31 1.00
X5   .41  .49  .43  .33 1.00
X6   .43  .70  .57  .45  .58 1.00
X7   .38  .45  .77  .32  .45  .66 1.00
X8   .29  .49  .46  .67  .44  .54  .41 1.00
X9   .11  .21  .25  .36  .18  .30  .33  .52 1.00
X10  .13  .23  .26  .42  .22  .29  .30  .52  .78 1.00
X11 -.11 -.33 -.26 -.16 -.32 -.35 -.25 -.43 -.27 -.22 1.00
Y1   .51  .71  .39  .63  .42  .66  .43  .51  .26  .29 -.22 1.00
Y2   .41  .65  .52  .49  .55  .77  .56  .56  .28  .32 -.35  .51 1.00
Y3   .16  .46  .27  .24  .32  .48  .33  .33  .44  .41 -.41  .44  .53 1.00
