-0.33307  -0.74244   0.14199  -0.37217
-0.71881   0.06200   0.42827  -1.29763
 2.56481  -2.61466  -0.13043   0.50445
-1.49872  -0.53343  -0.00861  -2.14371
 1.17408  -0.89638  -0.04397   0.73923
-1.45928  -0.34422   0.20527  -0.41118
 0.73310  -0.37012   0.64417  -0.12574
 0.37549   0.40721  -0.79798   1.36824
-1.00183  -0.00692   0.91174  -0.15231
 0.66503   0.26060  -0.18571   0.41608
-0.60997   0.90242   1.29673  -0.48579
 0.79953   1.18128   0.58472   1.13242
-0.77322   0.98360  -0.79500   0.04901
-0.77318   0.17197  -1.87939  -0.65971
-1.11717   0.62486  -0.52218   0.35419
-1.91819   0.80645   0.00932  -1.33468
 0.28201   1.48805   0.57125   0.35820
 0.10717   1.21552   0.45585   1.36518
 2.09611  -1.02391   0.30460   1.63874
 0.11167  -0.19472  -0.37177  -0.01685
-1.00926   0.25434   0.61785  -0.60583
 1.15004   0.30242   0.83959   0.81424
 0.52447   0.58161   0.82142  -0.01471
-0.25048   0.30847  -0.46651  -0.26379
 0.83746  -1.37548  -0.37559   1.23228
-0.73572   1.27255   0.66586  -0.67887
-0.64215   0.14541   1.70809  -1.77591
-0.76214  -0.17747  -0.41518   0.44438
 0.17296   0.43087   0.54381   0.88911
 2.24919   0.12059   1.06164   1.01370
-1.07070   1.77225   1.22015  -0.17276
 0.05575   1.64879   0.90656   1.12540
 0.75594  -0.36677   0.10330   0.17538
 0.30670  -0.87721  -2.79760   1.28488
-0.70058   1.15928  -0.52269  -0.68638
 0.29284  -0.32337   0.78892  -0.53201
 0.66264  -1.17104   0.05848  -1.76701
 0.31542   0.45673   0.68470   0.55873
 1.00273  -0.89638  -1.10919   1.04318
-0.00464  -0.64898  -0.23699  -0.63745
 0.90037  -1.51526   1.31785  -2.15486
-0.56996   1.25889   2.21917  -0.14735
 0.55409   0.09435   0.14952   0.52889
 1.12667  -1.85698  -1.80945   1.05065
-2.30906   0.77764  -1.99712  -1.25732
 1.67440  -0.61327   0.42301   0.89778
 0.24229   0.20331  -0.37723  -0.44355
-1.33530   0.72153   0.31785  -1.30853
-1.19655   0.83692  -0.78698   0.54500
-1.07155  -1.20007  -1.76211  -0.63213
-0.09907   1.92138   0.43881  -0.06773
 1.26446  -1.83105  -0.48809  -0.30701
-0.57172  -0.38829  -2.29928   0.96131
-1.90322   0.25367  -0.23841  -0.51290
-1.25502  -0.08985  -1.14262  -1.15290
 0.98128   0.34721   1.92148  -1.53920
-1.46517  -1.36008  -0.59532  -0.91211
 1.17497  -1.13366   0.85882  -0.20647
-0.49025   0.23510   1.25406  -0.74340
-0.08772  -1.32971  -1.27063   0.33472
-0.02303  -1.08232   0.96298  -2.04243
-1.14868  -0.05004  -0.32497  -0.58160
 1.68175  -1.69719   0.35804  -0.33458
 1.37410   1.71651   0.28476   1.57842
-0.34602   1.15773   1.54258   0.75629
-0.12333  -0.64153   0.29211  -0.61291
-0.00153  -0.98362  -0.15506   1.05010
-0.41239   0.55222  -1.06967   1.15364
 0.39175  -1.51420   1.32349  -1.55775
-0.80908   1.40667   1.10416   0.64890
 0.38019   1.01225   1.65311  -0.35502
-0.56987  -1.32556  -1.79714  -0.94512
 2.03634   0.22865   1.02299   2.29130
-0.24005  -0.59343  -0.12093  -0.70165
 0.69616  -1.47719  -0.36462  -0.64817
-1.21145   0.32947  -0.29764  -0.07871
-1.91215   0.30341  -1.26058  -0.34386
 0.70824  -1.02281  -0.36497   0.57759
-0.65371   0.28553  -0.31814  -2.00639
 0.78590   0.83619   0.89668   0.64520
-0.36036  -0.26187   0.01690  -1.09931
 2.52578  -0.35989   0.11672   1.80230
 0.78882   1.13430   1.00379   0.12510
-0.61375  -0.64618  -2.18276   1.34245
 0.84318  -1.40045   0.45076  -0.83179
-0.24733  -0.20691  -0.24054   0.58739
-0.12785   0.79615   1.09940   0.47998
 0.60568  -1.31822  -0.37814  -0.17371
-0.63738  -0.45206  -0.11646   0.31158
-1.12079   0.46330   0.21673  -0.10038
 0.07345  -0.61735  -1.49451   0.04863
 0.09272  -0.81914  -1.51058  -0.56193
 0.47218   1.09795   1.07991  -0.65719
 0.59840  -0.12567  -1.81779   1.84289
-0.54403  -0.15700  -0.37908  -0.55122
 0.32896  -0.03389   0.19187   1.80422
 0.47029   2.61419   0.63983   0.84295
-0.01038   1.61816  -1.21898   1.76945
-0.63563   0.56337   0.45615  -1.27280
-0.52512   1.34490  -0.34923   0.49273
