Idea_fluency      1.00
Spont_flex        0.71   1.00
Assoc_fluency     0.12   0.12   1.00
Express_fluency   0.34   0.45   0.43   1.00
Originality       0.27   0.33   0.24   0.33   1.00
Elaboration       0.21   0.11   0.42   0.46   0.32   1.00
Knowledge         0.13   0.27   0.21   0.39   0.27   0.38   1.00
Comprehension     0.18   0.24   0.15   0.36   0.33   0.26   0.62   1.00
Application       0.08   0.14   0.09   0.25   0.13   0.23   0.44   0.66   1.00
Analysis          0.10   0.16   0.09   0.25   0.12   0.28   0.58   0.66   0.64   1.00
Synthesis         0.13   0.23   0.42   0.50   0.41   0.47   0.46   0.47   0.37   0.53   1.00
Evaluation        0.08   0.15   0.36   0.28   0.21   0.26   0.30   0.24   0.19   0.29   0.58   1.00
