WINE       42.9   5.8   59  4.58   1.0  14  26   8  0   1
CUPCAKES   27.4   2.5   60  1.11   3.5   4  10  10  1   4
PIES/CAKE  30.6   3.2   71  2.23  18.2   3   4   7  0   3
SNACK_PAS  60.4   6.7   54  1.40   1.1   5  10  10  0   4
TABLE_ROL  53.8   3.5   81  1.19  35.2  13   9  17  2   1
CANDY      91.5  10.0   49  1.82   2.4   4  18   9  0  11
BUBBLE_GU  33.1   3.8   68  0.61   2.8   0   7   3  0   3
BUTTER/MA  98.6  16.1   30  1.46  20.1  24  11  28  1  11
GRATED_CH  48.5   2.4  105  1.88  19.2   6  13   6  0  25
PROCESSED  76.9   7.9   53  2.05  22.9  16  10  17  1  16
SNACK_CHS  51.9   3.2   77  1.76  10.5   7  10   1  1  15
STRING_CH   9.4   2.8   63  1.54   0.0   7   4  13  0   3
COTTAGE_C  79.6   8.7   48  1.31  32.6  21   1  22  2   3
SOUR_CREA  69.5   5.0   70  1.03  33.9  19   1  23  0   3
EGGS       98.0  17.9   28  1.09  67.9  15   1  36  4   1
MILK       98.7  37.7   14  1.81  46.7  13   0  12  1   1
FRZ_BKFST  51.3   5.1   63  1.74   5.2  15   6  21  1  11
FROZ_BERR  25.9   2.3   79  1.85  63.8   6   1  10  0   1
FROZ_PIZZ  64.7   5.9   62  3.07  13.2  27  19  28  1   6
FROZ_POTA  66.1   5.4   65  1.58  28.8  12   6  14  1   6
FROZ_DINN  52.0   5.0   63  4.11   1.9  13   4  13  0  11
FROZ/RFGD  66.2   5.4   70  1.36  24.7  15   3  18  1   6
FRZ_SID_D  17.1   2.7   80  1.82   0.0  18  11  24  1   3
PLN_FRZ_V  86.3   8.7   54  1.72  60.5  14   5  17  0   3
FROZ_BKD_  33.7   4.5   61  1.35   1.0  16   5  15  0  20
FROZ_PIE   37.3   2.5   82  2.41   1.0  19  10  19  2  13
RFG_WHP_D  11.1   2.9   59  1.61   0.0  11   1  16  0  11
FROZ_NVLT  79.0   7.3   42  2.43   0.4  14   9  16  1  12
ICES        2.0   2.1   43  1.80   0.0  18   4  28  0   1
EXT_ANALG   7.3   1.4   92  2.77   0.0   1   2   3  1  19
BBY_CARE_   8.5   2.3   71  2.00  30.3   1   0   2  0   3
COLD/SINU  29.4   2.5   91  3.33   7.7   4   3   6  0  19
COUGH_DRO  29.4   2.3   94  1.25  10.5   3   7   6  0   9
LIQ_COLD_   8.5   1.7  107  3.97   8.6   5   9   7  1   8
NASAL_SPR   6.5   2.6   85  3.70   0.0   3   3   6  0  11
CNTCT_LEN   5.5   2.8   79  5.20   0.0   2   0   4  0   9
FRST_AID_  29.0   1.6  103  1.93  12.6   7   4  11  1  29
FEM_HYGIE   7.2   2.4   81  2.10   0.0   3   3   4  0   8
HAIR_COND  25.2   2.5   89  2.11   5.0  11  11  11  0  19
HAIRSTYL_   7.7   1.7  110  2.48   0.0   3   1   6  0   4
SHAMPOO    50.1   3.4   82  2.16   6.4  12  12  12  1  23
KNEE_HI_   12.3   1.9   95  2.08  17.3   8   9   5  1  15
ANTACID_L  17.6   2.1  100  3.07   6.0   4   3   7  0  12
DIARRHEA_   1.8   1.2  104  3.10   0.0   4   0   6  0  14
DIET_AID/   0.7   2.8   45  6.80   0.0   0   4   1  0   0
HMRDL_CRE   1.8   1.4  115  3.49   0.0   2   0   3  0   3
LAXATIVE_   8.0   2.2   93  2.86   0.0   1   0   3  1   9
PAIN_RELI   1.1   1.6   84  3.61   0.0   1   0   3  0   4
TRVL_SICK   0.7   1.6  103  2.69   0.0   6   0   9  0   9
DENTURE_T  11.1   2.3  102  2.55   0.0   6   3   8  0  31
BREATH_RE   1.5   1.7   79  2.17   0.0   1   1   2  0   1
MISC_ORL_   1.9   1.3   75  2.86   0.0   0   0   1  0   3
COTTON_SW  22.5   1.7  120  1.50  21.0   6   6   9  0  16
HAIR_NOTI  17.2   1.6   96  1.80   0.0   0   1   1  0   0
TOOTHBRSH  23.5   1.6  100  1.60   6.1  10   7  11  0  24
SHVNG_CRE  21.8   1.8  115  1.73   0.0  13  12  16  1   6
SKN_CR_IM   1.7   1.2   74  2.41   0.0   2   2   4  0  21
BATH_ADDI  10.2   2.6   82  2.00   8.2   2   5   9  0   7
PETRO_JEL   8.8   1.3  113  1.62  25.5   5   3  11  0  15
LOTION     32.1   2.2  100  2.50   5.4   9   7   8  1  30
TALCUM_PW   4.4   1.7   96  2.46   0.0   4   3   7  1  20
HVY_DTY_S   6.9   1.9   97  1.06   0.0   1   1   2  0   2
AIR_FRESH  52.2   3.1   82  1.73   8.1   4   3  10  0  20
APPLNCE_C   3.1   1.3  111  1.86   0.0   0   0   1  0   2
CLEANSERS  67.0   2.9   92  0.91   6.7   8  12   9  0  10
GLASS_CLN  43.6   1.8  102  1.35  12.2   8  10  11  0  28
METAL_CLN  10.7   1.5  116  1.51   0.0   0   0   3  0   1
RUST_CLNR   5.3   1.4  104  2.00   0.0   1   2   7  0  21
TOILET_CL  51.0   2.9   88  1.42   6.9   4   5   9  1  20
DISH_DETE  88.7   5.5   72  1.31   7.1  15  18  14  1  27
LNDRY_DET  94.0   9.6   50  3.07   4.6  14  19  13  1  35
FD_STG_BG  76.1   3.7   81  1.62  50.0   5   4  11  0  16
GARBAGE_B  66.4   5.1   70  1.94  33.5   7   7  13  1  14
FURN_POLI  41.7   1.9  112  2.02   2.4   3   3   8  0  32
PESTICIDE  26.1   1.6   69  3.71   1.3   8  11   9  0  13
BLEACH     82.3   5.2   72  1.30  27.4  14  11  13  2  12
FAB_SOFTE  72.8   5.5   73  1.84  18.3  11  14  13  1  23
PRESOAK     5.4   2.7   76  2.21   0.0   1   1   7  0   9
SPOT_REMO   1.1   1.1  115  2.34   0.0   0   0   3  0   7
STATIC_RE   2.5   1.2  127  2.70   0.0   3   3   3  1  24
LIGHT_BUL  49.4   2.2  101  2.90   7.5   8   7   6  1   5
RUG_DEOD   15.9   2.3   82  1.94  10.2   4   2  13  0  22
RTD_FRU_J  90.7  13.9   40  1.98  26.6  34  12  33  2   7
VEG_JUICE  49.4   4.2   73  1.28  18.9  11  15  13  0   3
RTD_FRT_D  77.7   8.5   49  1.89   0.0  14  13  18  1   6
FRZ_FRT_D  39.1   4.0   54  1.42  35.4  20   8  23  1   5
CRB_SFT_D  97.9  27.0   22  2.75   8.8  37  38  36  4   7
GRAIN_BEV   1.5   2.4   93  3.24   0.0   0   0   1  0   1
BFST_DRNK   8.8   2.8   71  2.65   5.2   2   3   6  1  24
PWD_SFT_D  53.6   5.9   42  1.90   5.3  10  18   9  1  10
MILK_MODI  24.9   2.3   96  2.20   8.4   6   8   9  0  20
PREP_TEA_   2.9   3.5   35  1.65   0.0   9   4  12  0   1
BKNG_INGR  85.4   5.3   70  1.86  15.3  10  17  13  1   8
PIE_FILLI  50.5   2.5   80  1.58   5.2  21  36  24  1   4
BAKE_MIX   68.1   4.1   77  1.45   3.2   9  11  11  1  12
GRITS      10.5   3.1   91  1.08   0.0   1   1   8  0   3
INST_BRKF   7.1   3.3   53  2.79  19.1   2   1   6  0   6
RTE_CEREA  96.9  16.7   31  2.78   3.5   4   4   7  0  37
COOKIES    94.3  13.4   36  2.10  11.1   8  21  18  1  11
CRACKERS   97.9  11.7   42  1.79  14.2  11  24  22  1  11
CAKE_MIX   74.6   4.6   71  1.44   7.8  25  13  28  1  12
DRY_TOPG_   7.9   1.5   90  1.30  15.8   2   5   7  1   2
PUDDING_M  66.8   3.8   73  1.06   5.9   5   1   6  0   3
DIP_MIXES  15.0   2.1   83  0.78   0.0   0   5   4  0   8
ADD_MEAT_  29.3   3.4   72  1.68   3.0  10   6  16  1  24
DRY_ITAL_   5.9   3.0   75  1.68   0.0   1   0   2  0   5
DRY_SLD_M   3.2   1.5   47  1.51   0.0   2  14  19  0  27
DRY_GRAIN   6.9   1.4  119  0.95  12.1   4   1   3  0   2
RICE       78.3   4.8   74  1.42  15.7   6   5  12  0  11
CRN/WHT_M  22.7   2.9   92  1.11   4.0  13   7  18  0   2
FROSTING   48.5   2.9   83  1.51  10.2  11   3  15  0  23
SEAS_MIX   63.7   4.9   70  1.01   6.9   3   9   7  0   4
POPCORN    56.1   3.8   80  1.81  20.6   7   6  12  1  13
NUT_SNK_M   7.1   2.1   64  2.20   0.0   5   2   8  0  10
NUTS       75.8   4.9   68  2.47  22.1   6  18  11  1   9
SALT       75.7   2.7  102  0.74  36.4   4   5   8  1   2
SPICE/SEA  81.3   3.6   82  1.92  10.4   2   6   4  0   4
SUGAR_SUB  31.5   3.5   83  2.38   0.0   3   3   7  1  10
DISP_CUPS  43.6   3.5   78  1.49   8.5   3   6   8  0   6
DISP_DIAP  17.3   7.9   43  8.94   7.1  13   7  11  1  51
FACIAL_TI  83.1   7.9   59  1.38  29.5  10   7  15  1  11
FEM_PROTE  45.3   4.3   76  3.07   8.0   5   2   9  0  36
PAPER_NAP  74.9   5.2   72  1.03  24.8  14  13  20  1  10
CAT_FOOD   36.4  21.3   25  2.72  10.7   6   2  10  0  18
CAT_LITTE  19.8   6.0   59  2.18  21.5   6   5  12  1  15
DOG_FOOD   45.6  15.0   34  3.26  11.8   5   3   9  0  24
BABY_FOOD  18.3   7.4   37  2.40   0.0   2   0   4  0   4
CAN/FRG_F  92.6   9.2   48  1.80  10.3  33  32  33  2   1
CAN/BOTT_  95.2  10.4   47  1.47  42.0  15  19  19  1   3
CAN_MEAT   50.8   4.7   66  1.72   4.5  10  11  16  1   9
TOM_PST/S  76.7   5.8   67  1.08   2.4  23  20  30  1   4
CATSUP     79.7   4.1   82  1.26  19.3  21  27  21  3  14
MUSTARD    72.3   2.6   99  0.82  24.5   5   8   8  0  11
ICE_CRM_C  22.9   2.1   70  1.07   7.1   3  11   9  0   2
MARSHMLLW  46.3   2.2   95  0.77  31.1  11  24  18  1   6
NOHEY      21.7   2.1  102  1.85  32.1   2   2   6  0   3
PEANUT_BT  82.0   5.1   73  2.09  24.4  12  10  13  1  13
OLIVES     59.9   3.9   78  1.35  36.0  12  23  16  0   2
PICKLES    74.5   4.5   71  1.58  23.6  12  14  19  1   9
RELISH     40.6   2.0   91  1.17  34.8  11  15  14  0   3
CANNED_ME  32.6   3.7   71  1.84   3.5   6   8  13  0   6
CANNED_BR   0.7   1.3   98  1.64   0.0   1   8  11  0   4
CANNED_PA  47.4   5.2   59  2.47   3.4   6   6   8  0  11
PREP_ORIE  51.1   3.3   78  1.61   0.7   9  15  18  0  12
SALAD_DRE  87.8   6.8   56  1.47   1.3   8   7  14  1  15
SANDWCH_S   8.1   2.2   91  1.31  11.1   1   1  10  0   2
BBQ_SAUCE  51.6   2.7   70  1.37   5.8  15  21  14  1  19
HOT_SAUCE  10.3   2.1   95  0.71   0.0   1   6   8  0   1
MEX_SAUCE  41.4   3.9   75  1.49   0.0   4   6  10  0  10
PRP_ITL_S  70.8   6.3   62  1.74   0.0  16  14  15  1  19
STK/SMK_S  43.2   2.2  101  1.57   1.8   4   4   8  0  18
OTHER_SAU   8.0   1.6   90  1.23   0.0  11  11  10  3   2
OIL        89.6   5.2   75  2.12  18.9  16  14  24  1  21
PREP_SOUP  97.9  13.9   37  1.54   2.1   9  11  10  1   6
SYRUP/MOL  71.1   3.2   93  1.74  17.2   4   6  10  1  24
COOK_WINE   5.1   1.5  121  1.94   0.0   1   1   6  1   9
BKFST_SAU  66.4   5.1   69  2.09   4.5  28   5  29  2   6
SPEC_SAUS  34.9   2.7   79  2.49   0.0  18   5  21  1   7
RFG_MEAT   77.4  11.2   42  2.13  16.2  16   2  17  1   6
CIGARETTE  46.5  22.6   28  6.50   8.7   0   1   1  0  13
NON_SMK_T   6.9  10.9   40  2.90   0.0   0   1   1  0   1
SMOK_ACCE  19.1   2.1   94  1.10   4.4   6  11   5  1   0
CHARCOAL   23.9   2.0   59  3.03  24.8  20  30  19  2  13
CAMERA_SU   2.2   1.4  101  2.54   0.0   2   3   3  0   9
FOIL_PANS  19.9   1.7   94  1.70   6.4   5  14   4  1   1
