BEER       62.3  11.1   46  5.16   0.4  19  32  27   1   1
FRESH_BRE  98.6  26.6   21  1.30  39.4  12   4  15   1   2
MUFF/BAGE  56.0   5.9   59  1.24  32.6  18  15  20   2   2
PASTRY     64.3   6.3   58  1.77  17.0   3   4   8   0   4
SNDWCH_RO  82.1   7.6   48  1.12  56.3  16   6  16   1   1
BREATH_FR  34.0   3.1   75  0.73   0.0   1   2   3   0   4
PLAIN_MIN  20.0   2.6   74  1.13  14.7   2   5   4   0   2
CHEWING_G  55.4   5.8   62  0.72   0.0   1   2   3   0   5
CREAM_CHE  71.6   4.7   72  1.28  33.4  20   3  21   1  14
NATURAL_C  84.2   8.0   54  2.35  25.8  12   3  15   1  14
RICOTTA_C  19.2   2.7   93  2.18  20.3  21   0  26   0   8
SPECLTY_C  11.1   2.1   84  1.65  31.9  11   2   7   1  10
COFFEE_CR  31.2   6.0   66  1.26  14.9   4   3   8   0   5
CREAM      49.2   6.7   66  1.05  38.2   9   0  11   0   1
PRP_SNCKD  47.3   3.3   77  1.19  11.6   9   5  14   0   4
DAIRY_DRI   5.7   2.6   59  1.67  15.4   8   5  16   0   4
YOGURT     63.8   9.0   44  1.56  19.2  18   2  20   0   7
FROZ_FISH  63.0   4.4   69  3.29   6.8  15   4  17   1  10
FROZ_MEAT  21.9   2.9   75  3.22   5.5  21   6  22   1   9
FROZ_POT_  39.3   3.0   78  1.75   9.7  26   9  23   1   1
FROZPKGPL  42.5   3.9   68  3.48   2.6  22   8  23   1  17
FROZ_ENTR  76.3   7.8   53  3.59   1.1  16   8  16   1   8
SPCLTY_DO  33.6   3.6   74  1.25   1.8   4   2   9   0   5
FROZ_SNAC  24.3   2.4   85  2.28   0.0  17   6  19   0  14
SPCL_FRZ_  60.0   4.1   74  1.78  28.1  12   3  17   0   5
FROZ_WT_B  43.5   3.7   69  2.29   0.0  12   4  15   0  16
PIE_CRUST  38.3   2.5   83  1.54  13.8  14   6  20   0   9
RFG_WHP_T  71.7   4.0   77  1.14  27.1  19   8  25   1   7
ICRM/FRZ_  93.3  10.4   43  2.60  34.6  29   5  28   2   4
SHERBET    29.6   2.1   71  1.71  36.1  14   1  18   1   3
INT_ANALG  58.8   3.5   82  2.95  24.4   5   4   6   0  28
BBY_CARE_  16.6   2.0   94  2.11  30.3   5   5   8   0  18
CHST_RUB/   4.2   1.3  120  2.52   0.0   3   4   5   1   2
COUGH_SYR  14.8   1.6  111  3.23  10.9   5   8   6   0  13
THRT_SPRY   2.7   1.1  118  3.02   0.0   3   8   6   0  21
DEODORANT  54.7   3.3   85  2.37   0.5   8   5   7   1  33
EYE_DROPS   6.3   1.6  108  2.80   0.0   3   0   6   0   9
FRST_AID_  21.1   1.6   94  1.35  72.5   8  11  13   1   1
MENST_PAI   3.5   1.8   92  2.60   0.0   2   1   2   0  17
HAIR_SPRA  28.2   3.2   84  2.02   1.5   8   8  11   1   9
MOUSSE     12.4   1.7   87  1.95   0.0  10   8  11   0  24
NAIL_POL_  10.1   1.3  129  1.04  42.4   7   3  10   1  11
PANTYHOSE  28.3   3.2   76  3.18  10.4   7   7   4   1  20
ANTACID_T  26.9   2.7   89  2.00   0.0   2   1   6   1  11
DIET_AID/   4.8   1.9   66  4.98   0.0   6   5   6   0  17
EPSOM_SAL   2.3   1.3   91  1.12  32.4   1   1   2   0   0
HMRDL_TRT   1.8   1.6   97  4.60   0.0   1   2   3   1   7
LAXATIVE_   4.8   2.0   75  4.80  12.2   2   1   3   0  14
SLEEP_PIL   1.7   3.0   65  2.35   0.0   1   0   3   0   0
DENTURE_C   7.3   3.3   84  2.72   0.0   1   0   3   0  10
MOUTHWASH  31.3   2.8   88  2.55  13.1   8  10   8   0  26
TOOTH_CLN  69.9   4.2   77  1.64   0.8  13  12  15   1  31
COTTON/BA  11.8   1.6  115  1.10  50.1   5   8   8   0   2
DENTAL_FL  10.4   1.4  116  1.30  12.2   4   1   5   1  17
RAZRS/BLA  33.2   2.2   98  2.20   7.3   5   4   6   0   8
AFTER_SHA   6.8   1.6  121  3.34   0.0   6   2   8   0  12
DEPILATOR   1.8   1.4   88  2.84   0.0   3   2   3   0  13
ANTIITCH    5.9   1.4   85  2.88   0.0   1   0   2   0  13
CHAPSTIK    9.7   1.4  119  1.14   0.0   3   4   7   0  17
ACNE_AID    9.8   2.0   87  3.05   0.0   2   4   6   1  12
SUNTAN_LT   3.5   1.1   48  5.05   0.0   9  13   9   0   4
BAR_SOAP   87.4   6.9   60  1.35   0.5   5   8   7   0  19
LIQ_SOAP   28.0   2.4   95  1.45   0.0   2   4   6   0  16
ALL_PRP_C  67.1   3.2   84  1.79   2.8   4   6   9   0  29
BATH/MLDW  32.4   2.1  100  1.86   0.0   6   6  13   0  30
DRAIN_CLN  21.2   1.7   96  2.06   0.0   2   1   8   0  18
AMMONIA    20.1   2.1   95  0.73  55.4   3   2   7   0   1
OVEN_CLNR  16.0   1.3  125  1.80   0.0   2   1   7   0  15
SPCLTY_CL   1.9   1.3  122  2.90   0.0   0   0   2   0   6
CLEAN_TOO  70.7   3.0   91  1.10   6.8   4   4   6   0   6
DSHWSH_DE  47.5   4.9   73  2.14   8.8   7   9   7   0  46
FLOOR_CLN  21.3   1.8  105  2.60   2.0   2   1   8   0  28
PAPER_BAG  20.2   1.9  121  0.66  34.3   1   3   5   0   0
DISP_WRAP  86.0   4.5   80  1.96  28.8   7   5  15   1  16
INSCT_RPL   3.9   1.1   38  3.32   0.0   5  15   7   1  10
PEST_TRAP  13.3   1.4   72  2.16   0.0   3  12   7   0   8
FAB_PROTE   0.9   1.1   73  5.38   0.0   3   6   7   0   2
LNDRY_SAN   6.6   2.3   63  1.78   0.0   4   4  10   0  50
STAIN_REM  32.7   2.4   96  1.88   2.7   4   3   8   0  34
STARCH     21.0   2.5   91  1.28   2.8   3   2  10   0  14
WATER_SFT   2.2   4.2   76  3.64   0.0   0   0   4   0   3
RG/UPHL_C  11.6   1.3  104  3.58   0.0   1   1   6   0  12
BOTTLED_W  28.1   6.0   56  1.56  23.3   4   5   9   0   1
RECNST_JU  32.5   2.0   98  1.04  28.4   5   9  13   0  16
FROZ_FRT_  73.5  10.5   47  1.98  44.2  28  11  34   2   6
FRT_DRNK_   6.6   2.6   54  1.92   0.0   9   7  20   0  13
CAN/PWD_M  63.1   4.5   72  1.44  51.1   4   6   7   1   3
COFFEE     90.4  10.7   48  4.78   7.8  16   9  21   1  37
SPC_DIETD   5.6   2.3   54  3.34   0.0   2   1   6   0  14
FRST_DRNK   2.4   1.6   59  1.12   0.0   4  18   5   0   0
COCOA_MIX  42.2   2.8   96  1.76  14.6  12  20  16   1  12
TEA        75.0   5.4   65  2.40  20.3  12  22  11   1  17
HOT_DRNK_   2.9   1.7   86  1.82   0.0   3  14  13   0  20
CAKE_DECO  18.6   1.5   98  1.40   0.0   1  21   2   0   1
PIE_SHELL  19.2   1.8   82  1.26  11.7   6  15  15   0  11
STUFFING_  74.6   4.2   79  1.30   8.6   7  16  12   0  12
HOT_CEREA  67.6   3.9   86  1.74   8.8   3   2   6   0  20
PNCKS_ETC  34.7   2.3   99  1.20  13.2   5   5  14   1  20
TOASTR_PS  26.6   4.9   55  1.43   9.5   6   5  11   0  21
BRD_STICK  16.2   2.5   69  1.17   6.8   3   4   7   1   5
BROWNIE_M  38.4   2.6   81  1.63   8.5  17  16  19   1  23
COOKIE_MI   6.1   1.9   79  2.39   0.0   2   4   6   0  19
GELATIN_M  68.9   3.8   75  1.00   5.5  11   1   9   1   3
OTH_DESS_  25.6   1.8   79  1.58   0.0   4   4   8   0  17
DRIED_FRU  69.2   4.9   69  1.92  25.3   6   8   9   0   6
DHYD_LUN/   2.0   2.2   60  1.24   0.0  10  10  12   0   3
PIZZA_KIT   6.3   3.2   69  1.88   0.0   3   1  10   0   9
NDL_SDE_D  69.5   5.3   67  0.99  22.4  19  26  21   1   7
DRY_LEGUM  42.8   3.0   93  0.87  56.2   2   2   6   0   0
DRY_POTAT  46.8   3.3   81  1.28  16.5   9  10  16   1  10
FLOUR      78.4   3.8   91  1.08  18.4  30  22  30   5   6
PASTA      92.8   8.6   53  1.08  20.8  17  16  20   1   4
MEAT_SNCK  13.8   2.2   73  2.12   9.9   3   9   7   0   7
BKF_SNK_B  37.4   5.0   52  2.06   5.8   6   5  12   1  29
SALTED_SN  95.5  17.7   31  1.94  16.3  10  21  17   1   6
PEPPER     49.9   1.9  113  1.60  46.3   5   8   4   1   1
SALT/PPR_   3.7   1.2  113  0.86   0.0   1  17   3   1   1
SUGAR      92.4   7.6   58  1.60  58.0  24  13  20   5   2
BATH_TISS  97.3  14.4   35  1.49  10.3  26  22  30   3   8
CUP_DSPNS   0.9   1.1   84  1.23   0.0   0   5   5   0   6
DISP_PLT/  57.4   3.9   71  1.67  50.0   7  13   9   1   2
MOIST_TOW  14.1   3.5   66  2.30  29.5   6   7   9   1  19
MISC_PAP_  59.8   2.3  103  0.90  17.3   3   5   4   0   3
PAPER_TOW  93.7  12.0   43  1.17  13.7  28  28  31   2   8
CAT_TREAT   6.1   3.8   69  0.99   0.0   2   1   6   0  26
DOG/CAT_S  27.6   3.1   75  2.60   2.2   1   3   3   0   2
DOG_TREAT  30.2   8.2   56  1.69  11.3   2   1   5   0  27
BABY_FORM  10.4   7.1   35  4.48   0.0   2   0   3   0   3
CAN_SHELL  28.0   2.6   81  2.17   0.0   7  10  15   1   2
CANNED_HA  21.3   2.0   93  5.99   5.0  44   8  38  10   4
CAN_TOMAT  63.8   5.0   69  1.10  44.0  20  21  26   0   3
CAN_VEG    96.9  12.7   39  1.46  38.9  24  30  27   1   2
HORSERADI  20.5   1.7  121  0.86   0.0   7   4   7   0   2
CAN_PUDDI  18.9   3.2   59  1.72   5.9  10   8  17   0   7
DESSERT_T  45.3   2.7   83  1.43  11.0   6   7   8   0  13
FRUIT_BUT   7.5   1.8   94  1.28  19.3   4   6   8   0   1
JAM/JEL/P  72.8   4.2   76  1.64  25.4  10  12  15   1  10
MARNTD_VE  24.6   2.3   84  1.40  12.5   4  14   9   1   1
PEPPERS    28.9   3.1   78  1.30   6.5   2   3   7   0   2
PIMIENTOS  18.5   2.2   91  0.76   2.6   0   0   3   0   0
SAUERKRAU  41.7   2.6   94  0.77  26.4  12  11  17   1   1
BAKED_BEA  72.3   4.7   61  0.88   9.9  19  30  16   1   2
CHILI_FIX  37.1   3.8   74  1.57   9.2  12  16  21   1   5
PREP_MEX_  55.6   6.1   65  1.22   8.3   5   8  12   0   3
PREP_SALA  16.1   2.4   65  1.46  24.2   8   6  16   0   6
SALAD_TOP  32.5   2.3   92  1.06   4.3   4  14  12   0  13
VIS_DRS/M  94.4   6.1   64  1.56   8.5  21  22  19   3  11
CHILI_SAU  10.2   2.1   91  1.18   8.6   2   6   7   0   5
MT_SAU/GR  37.9   3.1   83  1.12   0.0   7   7  11   0  10
ORIEN_SAU  32.8   2.0  103  1.33   0.0   3   4   8   0   9
SEAFD_SAU  20.1   1.6  112  1.01   0.0   5   9   9   0   8
TOBASCO_S   6.6   1.5  112  1.24   0.0   0   2   5   0   0
LARD        4.8   2.5   89  1.39   0.0   1   1   5   0   0
SHORTNING  54.6   3.1   95  2.03  17.4  26  24  29   2  10
BOUILLON   33.8   2.0  111  1.12   3.9   6   5  11   1   1
VINEGAR    61.4   2.4   92  1.09  50.6   5   7   8   0   3
BCN/MT_ST  82.9   7.3   57  2.36  14.3  33   3  38   3   5
FRANKS     85.4   7.5   51  1.96   8.7  32   4  33   1   8
OTHR_RFG_   2.7   1.6   87  2.02   0.0   1   4   4   0   0
RFG_MT_SP   4.3   2.3   82  1.37   0.0   9   0   8   0   1
CIGARS      3.1   7.1   43  1.80   0.0   0   0   1   0   3
SMOK_TOBA   2.7   7.5   46  2.88   0.0   0   0   1   0   1
BATT/FLSH  39.8   2.2   92  2.80   2.7  12   4  13   1  15
CHARC_LIG  14.5   1.7   70  1.61  37.9   8  22  11   0   3
FILM       17.3   1.8   90  4.40   2.4   6   2   7   1   8
MAGAZINES  67.6  11.1   48  1.20   0.0   0   0   1   0   1
