movie01 1.55 0.30 0.88 4 4 6 5 3
movie02 1.05 1.66 1.24 7 7 5 4 7
movie03 0.80 0.45 1.47 3 2 7 4 4
movie04 1.53 0.29 1.12 4 3 7 6 2
movie05 0.91 1.04 1.26 5 3 5 3 5
movie06 1.41 1.06 1.26 7 7 7 8 5
movie07 1.73 0.53 1.48 6 7 8 7 5
movie08 1.26 0.65 0.88 5 3 5 3 3
movie09 0.41 0.48 0.60 2 2 1 1 1
movie10 0.92 0.26 0.55 1 1 4 1 1
movie11 0.38 1.28 0.68 5 4 4 3 8
movie12 1.22 1.03 0.60 8 8 2 3 2
movie13 0.66 0.98 0.86 4 1 3 4 1
movie14 1.72 0.77 1.04 6 5 7 7 4
movie15 0.80 0.62 0.66 5 2 3 2 1
