Oral_vocab        1.000
Relational        0.662   1.000
Multimental       0.661   0.697   1.000
Quantitative      0.641   0.730   0.703   1.000
Labeling          0.131  -0.112   0.033   0.040   1.000
Elaboration       0.253   0.031   0.185   0.149   0.641   1.000
Inference_low     0.332   0.133   0.197   0.132   0.574   0.630   1.000
Inference_high    0.381   0.304   0.304   0.382   0.312   0.509   0.583   1.000
Prediction        0.413   0.313   0.276   0.382   0.254   0.491   0.491   0.731   1.000
Generalize_low    0.520   0.485   0.450   0.466   0.034   0.117   0.294   0.595   0.534   1.000
Generalize_high   0.434   0.392   0.380   0.390   0.065   0.100   0.203   0.328   0.355   0.508   1.000
