Feedback      1.00
Task_signif    .49 1.00
Task_variety   .53  .57 1.00
Task_iden      .49  .46  .48 1.00
Autonomy       .51  .53  .57  .57 1.00
Sup_satis      .33  .30  .31  .24  .38 1.00
Career_satis   .32  .21  .23  .22  .32  .43 1.00
Fin_satis      .20  .16  .14  .12  .17  .27  .33 1.00
Load_satis     .19  .08  .07  .19  .23  .24  .26  .25 1.00
Company_satis  .30  .27  .24  .21  .32  .34  .54  .46  .28 1.00
Kind_satis     .37  .35  .37  .29  .36  .37  .32  .29  .30  .35 1.00
Gen_satis      .21  .20  .18  .16  .27  .40  .58  .45  .27  .59  .31 1.00

