Appearance (L)   1.000
Products (L)     0.638   1.000
Prices (L)       0.430   0.411   1.000
Service (L)      0.547   0.407   0.426   1.000
Appearance (D)   0.776   0.600   0.355   0.516   1.000
Products (D)     0.561   0.713   0.432   0.363   0.635   1.000
Prices (D)       0.368   0.344   0.813   0.393   0.364   0.451   1.000
Service (D)      0.490   0.370   0.418   0.764   0.531   0.366   0.361   1.000
Appearance (S)   0.676   0.539   0.394   0.509   0.739   0.527   0.372   0.469   1.000
Products (S)     0.522   0.720   0.384   0.349   0.559   0.698   0.365   0.376   0.589   1.000
Prices (S)       0.339   0.323   0.791   0.351   0.335   0.366   0.783   0.340   0.365   0.367   1.000
Service (S)      0.376   0.283   0.343   0.667   0.424   0.290   0.360   0.662   0.515   0.333   0.394   1.000
