   1  3  0  0  1  0  3.6  650  1  1  0  0  0  2  3
   2  3  0  0  1  0  3.7  680  3  0  0  1  0  1  2
   3  4  0  0  0  1  3.8  710  1  1  0  0  0  1  2
   4  4  0  0  0  1  3.7  720  1  1  0  0  0  2  6
   5  2  0  1  0  0  3.9  680  1  1  0  0  0  1  4
   6  4  0  0  0  1  3.8  680  4  0  0  0  1  1  3
   7  4  0  0  0  1  3.8  670  1  1  0  0  0  2  2
   8  1  1  0  0  0  3.9  660  1  1  0  0  0  2  2
   9  2  0  1  0  0  3.7  690  1  1  0  0  0  1  2
  10  4  0  0  0  1  3.3  650  2  0  1  0  0  1  4
  11  4  0  0  0  1  3.7  690  3  0  0  1  0  1  2
  12  3  0  0  1  0  3.9  610  1  1  0  0  0  1  2
  13  2  0  1  0  0  3.9  670  2  0  1  0  0  1  3
  14  2  0  1  0  0  3.4  610  3  0  0  1  0  2  3
  15  2  0  1  0  0  3.8  660  3  0  0  1  0  1  3
  16  2  0  1  0  0  4.0  670  2  0  1  0  0  2  4
  17  1  1  0  0  0  3.6  630  3  0  0  1  0  1  5
  18  1  1  0  0  0  4.0  710  3  0  0  1  0  1  2
  19  4  0  0  0  1  4.0  680  4  0  0  0  1  2  2
  20  3  0  0  1  0  3.8  700  4  0  0  0  1  1  2
  21  2  0  1  0  0  3.8  650  3  0  0  1  0  1  2
  22  2  0  1  0  0  3.5  640  2  0  1  0  0  1  2
  23  3  0  0  1  0  3.6  640  1  1  0  0  0  2  4
  24  2  0  1  0  0  3.9  670  3  0  0  1  0  1  2
  25  2  0  1  0  0  3.6  630  4  0  0  0  1  1  4
  26  1  1  0  0  0  3.8  650  3  0  0  1  0  1  3
  27  3  0  0  1  0  3.8  660  1  1  0  0  0  2  3
  28  4  0  0  0  1  4.0  720  2  0  1  0  0  1  2
  29  2  0  1  0  0  4.0  700  2  0  1  0  0  2  6
  30  2  0  1  0  0  3.9  670  2  0  1  0  0  1  4
  31  1  1  0  0  0  4.0  670  4  0  0  0  1  1  2
  32  2  0  1  0  0  3.7  690  2  0  1  0  0  1  2
  33  1  1  0  0  0  3.6  630  1  1  0  0  0  2  2
  34  1  1  0  0  0  3.9  700  3  0  0  1  0  2  2
  35  3  0  0  1  0  3.5  640  1  1  0  0  0  1  2
  36  3  0  0  1  0  3.8  650  3  0  0  1  0  2  2
  37  3  0  0  1  0  3.4  640  4  0  0  0  1  1  2
  38  2  0  1  0  0  3.7  690  2  0  1  0  0  1  5
  39  3  0  0  1  0  3.9  620  4  0  0  0  1  1  3
  40  4  0  0  0  1  3.7  700  2  0  1  0  0  2  2
  41  1  1  0  0  0  3.8  670  1  1  0  0  0  1  2
  42  1  1  0  0  0  4.0  720  1  1  0  0  0  1  2
  43  1  1  0  0  0  3.5  620  1  1  0  0  0  1  2
  44  4  0  0  0  1  4.0  710  1  1  0  0  0  2  2
  45  4  0  0  0  1  3.7  670  3  0  0  1  0  1  2
  46  4  0  0  0  1  3.7  680  2  0  1  0  0  2  2
  47  1  1  0  0  0  3.7  640  3  0  0  1  0  1  4
  48  1  1  0  0  0  3.8  660  4  0  0  0  1  1  2
  49  1  1  0  0  0  3.7  660  1  1  0  0  0  1  2
  50  4  0  0  0  1  3.6  680  4  0  0  0  1  2  2
  51  1  1  0  0  0  3.9  700  2  0  1  0  0  2  3
  52  4  0  0  0  1  3.7  670  2  0  1  0  0  1  2
  53  1  1  0  0  0  3.7  640  1  1  0  0  0  2  6
  54  1  1  0  0  0  3.7  650  1  1  0  0  0  1  6
  55  3  0  0  1  0  3.8  660  1  1  0  0  0  1  3
  56  1  1  0  0  0  3.6  630  1  1  0  0  0  1  2
  57  3  0  0  1  0  4.0  680  4  0  0  0  1  1  2
  58  4  0  0  0  1  3.8  690  4  0  0  0  1  2  2
  59  2  0  1  0  0  4.0  710  3  0  0  1  0  2  2
  60  1  1  0  0  0  3.7  690  4  0  0  0  1  2  2
  61  2  0  1  0  0  3.8  660  2  0  1  0  0  1  2
  62  2  0  1  0  0  3.7  640  3  0  0  1  0  1  4
  63  4  0  0  0  1  3.3  680  2  0  1  0  0  1  5
  64  1  1  0  0  0  3.4  670  1  1  0  0  0  1  5
  65  1  1  0  0  0  3.5  640  3  0  0  1  0  1  2
  66  3  0  0  1  0  3.4  650  2  0  1  0  0  2  3
  67  4  0  0  0  1  3.9  700  2  0  1  0  0  2  3
  68  4  0  0  0  1  3.9  660  4  0  0  0  1  1  2
  69  1  1  0  0  0  3.6  630  1  1  0  0  0  1  2
  70  4  0  0  0  1  3.6  680  3  0  0  1  0  1  4
  71  3  0  0  1  0  3.9  640  2  0  1  0  0  1  2
  72  2  0  1  0  0  4.0  680  1  1  0  0  0  1  2
  73  1  1  0  0  0  3.5  660  1  1  0  0  0  2  2
  74  4  0  0  0  1  3.6  690  1  1  0  0  0  1  3
  75  2  0  1  0  0  3.6  650  3  0  0  1  0  2  3
  76  1  1  0  0  0  3.9  660  3  0  0  1  0  2  5
  77  4  0  0  0  1  3.8  670  2  0  1  0  0  1  2
  78  3  0  0  1  0  4.0  630  1  1  0  0  0  2  2
  79  4  0  0  0  1  3.8  700  4  0  0  0  1  1  2
  80  2  0  1  0  0  3.4  620  2  0  1  0  0  1  3
  81  2  0  1  0  0  3.7  640  3  0  0  1  0  1  2
  82  3  0  0  1  0  3.7  650  3  0  0  1  0  1  2
  83  4  0  0  0  1  3.9  710  3  0  0  1  0  1  2
  84  2  0  1  0  0  3.5  620  4  0  0  0  1  1  2
  85  4  0  0  0  1  3.7  650  1  1  0  0  0  1  5
  86  3  0  0  1  0  3.5  680  3  0  0  1  0  2  4
  87  2  0  1  0  0  3.8  680  1  1  0  0  0  1  6
  88  2  0  1  0  0  3.7  670  3  0  0  1  0  1  5
  89  2  0  1  0  0  3.8  680  2  0  1  0  0  1  2
  90  1  1  0  0  0  3.8  660  1  1  0  0  0  2  4
  91  3  0  0  1  0  3.6  660  1  1  0  0  0  1  2
  92  4  0  0  0  1  3.6  680  1  1  0  0  0  1  5
  93  2  0  1  0  0  3.9  660  2  0  1  0  0  2  4
  94  4  0  0  0  1  3.5  640  4  0  0  0  1  1  3
  95  4  0  0  0  1  3.7  670  2  0  1  0  0  1  6
  96  1  1  0  0  0  3.4  650  3  0  0  1  0  2  2
  97  2  0  1  0  0  3.6  640  4  0  0  0  1  1  2
  98  1  1  0  0  0  3.6  640  3  0  0  1  0  1  3
  99  4  0  0  0  1  3.6  680  4  0  0  0  1  1  4
 100  4  0  0  0  1  3.3  610  1  1  0  0  0  2  2
