 1  2 2 2 2 2 1
 2  2 2 2 1 2 1
 3  1 1 2 1 1 1
 4  2 2 2 1 2 1
 5  1 1 2 1 2 1
 6  1 1 2 1 1 1
 7  2 2 2 2 2 1
 8  1 1 2 1 2 1
 9  1 1 2 1 2 1
10  2 1 2 1 2 1
11  2 2 2 1 2 1
12  2 1 2 1 2 1
13  1 1 2 2 2 1
14  1 1 2 1 2 1
15  3 3 2 3 2 1
16  4 3 3 3 2 2
17  3 3 2 3 3 2
18  3 2 2 3 2 2
19  4 2 2 2 2 2
20  2 3 2 3 3 2
21  2 2 2 2 3 2
22  3 2 2 1 3 2
23  3 3 2 1 3 2
24  2 2 2 2 2 2
25  3 1 3 4 4 2
26  2 2 3 1 2 2
27  3 2 2 4 2 2
28  3 2 2 3 3 2
29  2 2 2 3 1 2
30  3 2 4 3 3 2
31  3 1 3 1 3 2
32  1 2 2 1 2 2
33  3 3 2 4 3 2
34  2 3 2 4 3 2
35  3 3 3 4 3 2
36  2 1 2 3 3 2
37  4 4 4 4 4 2
38  2 1 2 3 3 2
39  4 1 4 4 4 2
40  3 3 2 2 3 2
41  2 2 2 1 2 2
42  4 2 2 2 2 2
43  3 3 2 3 3 2
44  2 3 2 2 2 2
45  4 3 1 2 3 2
