101  4  0  0  0  1  2  11  1  3  1  0  0  1  6  7
102  3  0  0  1  0  2  11  1  2  1  0  0  1  5  7
103  2  0  1  0  0  1   8  1  1  0  1  0  1  6  4
104  4  0  0  0  1  1  11  1  1  1  1  0  1  5  6
105  4  0  0  0  1  2  10  1  2  1  0  0  1  6  6
106  2  0  1  0  0  1   6  1  1  1  1  0  1  6  5
107  1  1  0  0  0  2  11  1  3  1  0  0  1  5  7
108  3  0  0  1  0  1   1  0  3  0  1  0  1  5  3
109  4  0  0  0  1  1   6  1  2  0  1  0  1  5  6
110  2  0  1  0  0  4   4  0  2  0  0  0  0  3  5
111  3  0  0  1  0  2  11  1  2  0  0  0  1  5  7
112  1  1  0  0  0  4  11  1  2  1  0  0  1  4  6
113  2  0  1  0  0  2   5  0  1  0  0  0  1  6  4
114  1  1  0  0  0  4   5  0  1  0  0  0  0  3  6
115  2  0  1  0  0  6   6  0  3  0  0  0  0  3  7
116  3  0  0  1  0  1   4  0  1  0  1  0  1  5  2
117  1  1  0  0  0  2   4  1  2  1  0  0  1  5  4
118  4  0  0  0  1  4   8  1  3  0  0  0  1  5  6
119  4  0  0  0  1  4   5  1  2  0  1  0  1  5  6
120  2  0  1  0  0  5  10  1  2  0  0  0  0  3  3
121  2  0  1  0  0  2   7  0  3  1  0  0  1  6  7
122  3  0  0  1  0  4   7  0  3  0  0  0  0  4  3
123  3  0  0  1  0  2   2  1  1  0  1  0  0  4  5
124  4  0  0  0  1  2  11  1  3  1  0  1  1  3  6
125  1  1  0  0  0  2   5  1  1  0  0  0  1  2  4
126  3  0  0  1  0  4   7  1  3  0  0  0  0  4  6
127  2  0  1  0  0  2   5  1  2  0  0  0  1  6  5
128  3  0  0  1  0  2   8  1  3  0  0  0  1  4  7
129  3  0  0  1  0  3   8  1  3  1  0  0  0  3  6
130  3  0  0  1  0  4   6  0  2  0  0  0  1  6  4
131  4  0  0  0  1  1   8  1  2  0  1  0  1  4  6
132  1  1  0  0  0  4   9  1  2  1  0  0  0  4  7
133  4  0  0  0  1  4  11  1  2  1  0  0  0  4  7
134  1  1  0  0  0  6   6  1  3  0  0  0  0  3  5
135  2  0  1  0  0  1   3  1  2  1  1  0  1  5  4
136  1  1  0  0  0  1   1  1  2  0  1  0  1  6  5
137  1  1  0  0  0  2  10  1  1  1  0  0  1  5  5
138  4  0  0  0  1  1   8  1  1  0  1  0  1  4  7
139  3  0  0  1  0  4   7  1  2  0  0  0  0  3  5
140  1  1  0  0  0  4   8  1  3  0  0  0  0  3  6
141  3  0  0  1  0  1   8  1  2  0  1  0  1  6  5
142  4  0  0  0  1  2   8  0  2  1  0  0  1  4  7
143  2  0  1  0  0  4   8  1  2  1  0  0  0  4  7
144  3  0  0  1  0  4   6  0  1  0  0  0  0  5  4
145  4  0  0  0  1  1   5  0  2  0  1  0  1  2  4
146  1  1  0  0  0  2   6  1  2  0  0  0  1  6  5
147  3  0  0  1  0  4   8  1  3  1  0  0  0  2  5
148  3  0  0  1  0  2   3  0  2  0  0  0  1  6  3
149  2  0  1  0  0  5   7  1  3  0  0  0  1  4  4
150  1  1  0  0  0  3   6  0  3  1  0  0  1  6  4
151  3  0  0  1  0  5   7  1  1  1  0  0  0  3  3
152  3  0  0  1  0  3   7  0  1  0  0  0  0  3  6
153  2  0  1  0  0  3   6  0  3  1  0  0  0  3  5
154  1  1  0  0  0  4   7  1  1  0  0  0  0  3  4
155  1  1  0  0  0  2   2  1  2  0  0  0  1  6  3
156  2  0  1  0  0  5   8  1  3  1  0  0  0  4  6
157  1  1  0  0  0  2   6  1  1  1  0  0  1  6  4
158  2  0  1  0  0  6   7  0  3  0  0  0  0  4  5
159  3  0  0  1  0  2   9  1  3  0  0  0  1  3  6
160  3  0  0  1  0  1   3  1  1  0  0  1  1  3  5
161  4  0  0  0  1  1   7  1  1  0  0  1  1  4  7
162  2  0  1  0  0  6   5  1  2  0  0  0  0  3  6
163  3  0  0  1  0  1   1  1  1  0  1  0  1  3  4
164  2  0  1  0  0  1   2  1  1  0  1  0  1  6  5
165  2  0  1  0  0  4   8  1  3  0  0  0  0  3  6
166  4  0  0  0  1  4   8  1  3  1  0  0  0  3  5
167  3  0  0  1  0  1   1  1  1  0  1  0  1  6  3
168  1  1  0  0  0  5  11  1  3  0  0  0  0  4  7
169  1  1  0  0  0  4  11  1  3  0  0  0  0  4  6
170  4  0  0  0  1  4   8  1  1  1  0  0  0  4  6
171  1  1  0  0  0  4   9  1  3  1  0  0  1  4  4
172  2  0  1  0  0  2   2  1  2  0  0  0  1  6  4
173  1  1  0  0  0  3   5  1  2  1  0  0  1  6  5
174  3  0  0  1  0  2   1  1  3  0  0  0  1  6  6
175  3  0  0  1  0  2   7  1  2  1  0  0  1  5  4
176  4  0  0  0  1  1   8  1  2  1  1  0  1  5  7
177  3  0  0  1  0  1  11  1  3  1  1  0  1  6  6
178  2  0  1  0  0  1   5  1  1  0  1  0  1  5  6
179  2  0  1  0  0  3   8  1  3  1  0  0  1  4  5
180  1  1  0  0  0  2  11  1  3  1  0  0  1  6  7
181  3  0  0  1  0  1   4  1  1  0  1  0  1  6  5
182  2  0  1  0  0  1   4  1  1  1  1  0  1  6  5
183  4  0  0  0  1  4  11  1  1  0  0  0  0  3  7
184  2  0  1  0  0  1   3  1  1  1  1  0  1  6  6
185  2  0  1  0  0  1   1  1  1  1  1  0  1  6  4
186  3  0  0  1  0  1   7  0  2  0  1  0  1  4  7
187  2  0  1  0  0  3  11  1  3  1  0  0  1  5  7
188  3  0  0  1  0  2   1  0  3  1  0  0  1  6  5
189  2  0  1  0  0  2   5  1  3  0  1  0  1  5  3
190  2  0  1  0  0  1   3  0  2  0  1  0  1  6  6
191  2  0  1  0  0  1   8  1  1  1  0  1  1  5  7
192  4  0  0  0  1  2  11  1  2  1  0  0  1  3  7
193  2  0  1  0  0  2   8  1  2  1  1  0  1  6  5
194  4  0  0  0  1  1   9  1  0  0  0  1  1  3  7
195  3  0  0  1  0  1   1  1  2  0  1  0  1  6  7
196  2  0  1  0  0  1   1  1  1  0  1  0  1  6  2
197  1  1  0  0  0  2  11  1  3  0  0  0  1  6  7
198  1  1  0  0  0  1  11  1  2  0  1  0  1  4  7
199  2  0  1  0  0  1   3  1  1  0  1  0  1  6  5
200  4  0  0  0  1  1   6  1  1  0  1  0  1  5  6
201  3  0  0  1  0  1   2  1  1  0  1  0  1  5  5
202  2  0  1  0  0  1   1  1  1  0  1  0  1  6  3
203  4  0  0  0  1  2  11  1  1  1  0  0  1  5  7
204  2  0  1  0  0  3   7  1  2  0  0  0  1  5  4
205  4  0  0  0  1  1   9  1  1  1  1  0  1  4  7
206  3  0  0  1  0  2   6  1  1  0  0  0  1  4  5
207  4  0  0  0  1  1   8  1  2  0  0  1  1  6  7
208  2  0  1  0  0  1   5  1  2  1  0  1  1  6  5
209  2  0  1  0  0  1   1  0  1  0  1  0  1  6  2
210  1  1  0  0  0  1   4  0  1  0  1  0  1  6  6
211  3  0  0  1  0  6   7  0  2  0  0  0  0  4  6
212  2  0  1  0  0  1   6  1  2  0  1  0  1  6  4
213  2  0  1  0  0  1   6  0  1  1  1  0  1  4  6
214  2  0  1  0  0  1   1  0  0  0  0  1  1  6  1
215  2  0  1  0  0  2   1  1  3  0  1  0  0  3  6
216  2  0  1  0  0  1   2  1  1  0  1  0  1  6  4
217  1  1  0  0  0  1   2  1  1  1  1  0  1  6  5
218  3  0  0  1  0  1   4  1  2  0  1  0  1  3  5
219  4  0  0  0  1  5   7  0  1  0  0  0  0  5  4
220  3  0  0  1  0  1   4  1  0  1  1  0  1  6  4
221  2  0  1  0  0  1   1  1  2  0  1  0  1  6  4
222  2  0  1  0  0  3   4  0  3  0  1  0  0  5  3
223  1  1  0  0  0  2   9  1  2  1  0  0  1  3  7
224  3  0  0  1  0  2   1  0  0  0  0  1  1  6  3
225  2  0  1  0  0  1   3  1  1  1  1  0  1  6  4
226  2  0  1  0  0  1   1  1  1  0  1  0  1  5  5
227  3  0  0  1  0  1   6  1  1  0  0  1  1  5  6
228  4  0  0  0  1  1   3  0  1  0  0  1  1  5  5
229  4  0  0  0  1  1  10  1  1  1  1  0  1  6  5
230  2  0  1  0  0  1   4  0  1  0  1  0  1  5  5
231  2  0  1  0  0  1   3  1  1  1  1  0  1  6  6
232  4  0  0  0  1  2   8  1  3  1  0  0  1  6  6
233  3  0  0  1  0  1   6  1  1  1  1  0  1  4  6
234  2  0  1  0  0  2  11  1  2  1  0  0  1  5  7
235  3  0  0  1  0  1   8  1  2  1  0  1  1  4  7
236  3  0  0  1  0  1   6  1  2  0  1  0  1  6  5
237  2  0  1  0  0  2  11  1  2  1  0  0  1  6  7
238  2  0  1  0  0  3   3  0  0  0  1  0  1  5  3
239  1  1  0  0  0  2  11  1  0  0  0  0  1  6  7
240  2  0  1  0  0  1   2  0  0  0  1  0  1  4  2
241  3  0  0  1  0  2   1  0  1  0  0  0  1  5  4
