  1  3.97  5.39  4.28  4.16  4.92  4.03  4.47  4.17  4.13  4.17
  2  3.84  3.57  3.91  4.85  4.08  4.95  4.76  4.15  4.67  4.15
  3  5.26  5.37  3.52  4.75  3.96  4.82  5.13  4.19  3.78  5.19
  4  4.23  3.82  3.67  3.96  3.83  5.11  3.77  5.09  3.72  4.09
  5  3.86  5.33  4.06  3.82  4.24  4.13  3.98  5.22  3.77  4.22
  6  3.87  4.17  3.98  4.10  3.82  3.92  4.84  3.90  4.37  3.90
  7  4.67  4.90  4.40  4.14  5.20  4.82  3.78  3.89  3.78  3.89
  8  5.01  3.86  4.90  4.88  4.14  4.09  5.13  4.28  4.09  5.28
  9  4.03  4.00  3.93  4.60  3.90  4.95  4.31  4.11  5.13  4.11
 10  3.52  4.01  3.65  4.97  3.89  3.97  3.82  5.14  5.42  4.14
 11  3.90  3.86  3.85  3.82  4.91  5.16  5.01  4.09  4.80  4.09
 12  3.95  5.22  5.15  4.02  3.91  4.03  4.23  3.69  4.01  3.69
 13  3.83  3.92  4.03  3.87  3.88  4.42  4.52  4.80  5.11  4.80
 14  4.11  3.81  5.10  3.84  3.69  3.54  4.07  5.18  4.02  4.18
 15  5.01  4.16  3.71  3.94  5.05  4.23  3.87  4.07  4.08  4.07
 16  4.07  4.66  3.98  4.88  5.17  4.26  3.67  3.75  3.85  3.75
 17  4.48  4.04  4.26  4.17  5.18  4.05  5.30  4.22  3.91  4.22
 18  3.69  3.99  3.72  4.19  4.09  4.38  3.89  4.94  3.87  4.94
 19  4.09  5.02  5.12  4.03  4.91  5.14  5.01  3.91  3.95  4.91
 20  4.75  5.03  4.54  5.04  3.94  3.73  3.68  3.86  4.06  3.86
 21  3.30  4.96  4.89  4.85  4.83  3.62  4.88  3.83  4.72  3.83
 22  3.79  3.74  5.15  4.21  4.08  4.05  3.79  3.63  4.00  3.63
 23  5.20  4.10  4.11  3.89  3.84  5.01  4.06  3.99  4.08  4.99
 24  3.90  4.88  4.09  5.00  4.30  3.72  3.80  3.85  3.85  4.85
 25  3.93  3.82  4.01  3.99  4.84  5.17  4.07  4.04  4.09  4.04
 26  5.41  4.10  5.08  4.08  3.94  4.09  3.86  4.94  3.39  3.94
 27  4.07  4.76  4.83  5.06  4.10  4.02  4.26  4.82  4.00  3.82
 28  3.77  4.02  4.30  4.25  3.74  4.18  4.98  4.45  3.80  3.45
 29  4.14  3.93  4.28  4.23  5.16  3.70  4.41  4.10  4.41  4.10
 30  3.94  4.82  4.53  5.00  4.28  3.79  3.87  4.72  4.74  4.72
 31  4.90  4.05  4.81  4.72  4.22  4.07  3.99  4.29  4.32  5.29
