 201  12.16  11.57  1172.33  11.52  5.87  1.07  11.68  10148.21  12.21  36.81
 202   9.66  10.09  1138.58   9.30  6.27  0.89   7.78  11664.92   9.55  35.99
 203   9.62  11.42   861.45   9.23  5.77  1.19  11.46  10285.05  10.02  26.47
 204   8.74   9.38   990.52   9.74  5.16  0.86   7.60   9467.61   9.69  34.78
 205   7.27   9.61   919.79  11.10  4.19  0.75   8.66   8437.42   9.00  29.03
 206  10.58  10.38   817.83   9.89  5.17  1.05   9.88  10025.67   8.18  28.30
 207  11.74  12.09   985.01  12.16  5.86  1.00   8.99  12007.82  13.95  29.12
 208  10.34   6.72   960.63   9.53  3.98  0.88   8.99   8008.34  11.50  29.12
 209   9.15   9.31   859.64   9.25  4.35  0.90  11.17   7992.00  10.17  25.76
 210   8.33   9.52  1130.99  10.62  5.87  0.99  10.12  11376.27   8.15  30.18
 211   7.20   8.61   743.27   7.50  5.26  0.63   8.47  11625.07   7.23  21.38
 212   7.58   8.80   761.31   9.53  4.19  1.01   6.99   9893.70   4.41  28.53
 213  12.33  11.57  1054.81   8.62  6.02  1.16   9.11  12687.37  10.63  36.60
 214  10.98   9.45   822.48   7.65  4.38  0.91   9.42  11538.61  11.28  32.12
 215  10.17  10.26  1066.44  12.01  4.65  1.05  10.98   9109.79  10.01  30.69
 216   7.74  10.19  1020.29  10.07  5.15  0.84   9.14   7104.13   7.59  31.79
 217  11.55  12.40  1388.86  14.20  5.94  0.94  13.43  12633.70  13.73  33.03
 218   7.90   8.31  1000.04  11.56  5.96  0.76  11.74  10708.88   8.14  26.40
 219  10.75   8.70   873.28   8.92  4.90  0.95   8.39  10037.33  11.09  25.68
 220  12.32  11.66  1099.86  12.49  4.80  0.93  10.24  10609.43  10.71  35.13
 221   7.96   9.78  1048.36   9.14  4.96  0.93  11.21  10140.17   7.32  31.78
 222   9.88  10.19  1242.18  10.10  5.08  0.91  11.49   8303.35   7.08  30.17
 223  10.96  11.87   772.77   8.27  5.15  0.89  10.65   9292.21  10.80  27.62
 224  11.40  10.53  1060.49  12.83  4.93  0.91   9.93  10463.28  11.85  30.43
 225  11.61  11.68  1324.44  14.29  6.79  1.00  13.30   9526.81  11.16  40.81
 226   7.25   8.24   835.48   6.67  3.76  1.05   6.89   7946.90   8.00  19.17
 227  11.34  10.42  1370.59  12.31  5.35  0.78  12.09  10062.05  10.19  36.77
 228   8.86   9.87   773.31   7.47  5.45  1.20   8.41   8010.56  11.42  30.46
 229   5.36   6.54  1015.98   9.13  3.65  1.19   8.15   7315.64   6.46  30.99
 230  12.28  10.08  1155.92  11.80  5.32  0.99  11.07  10514.78  12.65  37.72
 231  10.19  12.42   935.60   7.89  4.96  1.23   7.38  14219.35  10.18  25.17
 232   9.43  10.89  1019.57  11.54  6.79  1.10  11.98  10438.24   8.71  33.21
 233  11.99   9.04  1045.88  10.18  3.90  0.54  10.58   7878.77  10.01  32.85
 234  11.18  11.30   998.53  11.25  6.10  1.00  11.35  12254.27  10.82  41.33
 235   9.39  12.99   829.23   9.78  5.78  1.15  10.07  10955.59   8.66  28.65
 236   9.85   9.47   822.39   8.97  3.75  0.95   8.05   8454.09  10.47  29.79
 237  12.13   9.41  1056.72  11.02  4.84  1.17  10.61  11836.46  11.76  37.02
 238  13.43   9.72  1263.40  11.35  5.82  1.07  11.98   9386.40  12.66  40.58
 239   8.81  11.47  1147.23   8.74  5.15  1.28   9.97  11463.99   9.41  33.54
 240   8.88  11.50   991.73  10.88  5.92  0.88   9.83  11122.41  10.57  26.66
 241   8.75  10.30   770.06   7.45  5.16  1.16  10.62   8515.75   7.28  25.56
 242   9.39  13.15  1067.21  11.29  5.82  0.93  11.68  12595.13  12.00  37.04
 243   5.76  12.35  1107.41  10.56  5.44  0.93  11.11  11662.79   8.82  34.41
 244  10.00  10.16  1064.44   9.87  4.57  0.88  10.45  11190.01   9.77  29.92
 245   7.65  12.36   629.90  10.41  5.33  1.18   8.06  11362.95   5.90  28.75
 246   7.87  10.01  1333.07  12.77  5.30  1.39  13.07  12001.86   6.04  34.39
 247   9.96   9.27   976.57   8.80  5.45  1.04   9.14  10864.56   9.44  28.86
 248   8.41  10.17   675.78   7.36  5.90  0.90   9.87  10050.71   8.26  26.65
 249   7.98  10.93  1115.28  10.58  5.36  0.81  10.83   8669.41   8.50  34.23
 250  11.84   8.33   820.19   8.77  4.62  0.87   9.31  10456.63   8.23  18.42
 251  11.79   8.43   976.72  10.90  4.89  0.77   9.25   9924.86  10.19  29.28
 252   9.93  11.10   940.48  11.22  4.14  1.15   9.66   8160.58  10.89  29.52
 253   8.58  10.30   926.78   9.83  6.14  1.16   9.05   9978.45   8.19  35.22
 254  11.26   9.13   913.47   8.37  4.84  1.06   8.77  10324.67  11.61  24.46
 255  10.60   9.90  1210.81  11.51  5.99  0.79  10.95   9448.75  10.72  33.96
 256  10.99   9.32   919.43  10.65  4.76  1.15  11.44   8785.23  10.27  29.78
 257  10.16  10.18  1052.14  12.13  4.39  0.83  13.13   8738.38   9.36  35.30
 258   6.74   6.48   697.12   9.44  4.05  0.57  10.51   6775.15   8.99  20.41
 259  13.99  11.69  1502.12  12.86  6.44  0.82  14.37  11764.32  12.95  48.13
 260  11.84   9.04   990.93  10.28  4.73  1.01  10.87   9209.17  11.19  38.00
 261  12.78   8.55  1001.86   9.54  4.93  0.91   9.08  10959.26  11.29  29.51
 262   9.27   8.63   716.13   8.49  4.92  1.11   9.28   8791.80   9.13  27.73
 263  10.42  10.71   998.43  11.54  6.23  0.85  11.24  12642.68   8.67  37.70
 264   8.82   8.77  1133.37  10.25  4.07  1.16  10.65   8244.56   8.85  27.39
 265  10.75  10.14  1137.38  11.45  5.92  1.01  12.27  11369.59  11.31  28.18
 266  11.27   7.94   900.90   9.31  4.75  1.03   9.13   8716.65  10.94  31.52
 267  11.47   9.88   741.24   9.95  4.90  0.96   9.57   7821.39  11.25  29.99
 268   7.32  11.38   881.69   9.46  5.38  1.05   8.35  10329.99  10.22  28.31
 269  11.11   7.44   746.06   7.07  4.35  1.18   8.75   6612.80  10.40  28.52
 270   9.72  11.35   901.51   8.91  5.26  0.89   7.51  10632.09   9.05  25.30
 271  12.65   9.76  1128.29  12.83  4.37  1.13   9.81   9733.86  10.73  37.70
 272   7.78  10.40   839.30   7.27  4.14  1.00   8.61   8367.95   8.87  26.65
 273  12.60  12.22   831.61  11.22  6.59  1.00  10.60  12980.44  11.38  30.86
 274   7.15  11.62   995.83  10.04  6.27  0.87  10.47   9354.63   7.24  27.01
 275  11.48  11.40  1201.63  12.29  5.27  0.99  10.74  11807.44  10.80  32.72
 276   6.97   9.12   727.70   7.35  3.73  0.91   9.58   6932.52   5.11  23.53
 277  12.50  11.76  1053.89   9.18  6.58  1.16  10.78  13016.93  13.01  30.70
 278  11.35   9.97  1179.45  11.22  4.91  0.89  11.99  10565.39  13.81  39.40
 279  10.47  10.45   921.25  10.60  5.04  0.94   8.40   9184.96  10.52  24.90
 280  11.63  10.63  1252.38  12.64  6.11  0.86  12.27  11213.90  11.70  36.86
 281   9.41   8.27  1080.58  10.77  4.17  1.04  13.16   9044.89  11.48  36.40
 282  10.72   8.97   952.85   9.74  4.74  0.94  10.32   9625.49  11.26  31.23
 283  10.94  10.41   941.97  10.08  5.41  0.79   9.00  10042.83  10.30  33.29
 284   7.69   9.99  1062.36  10.57  5.98  0.90   9.10  10376.58   8.15  33.62
 285  11.15   8.63   630.33   8.57  4.65  1.05   8.02   8813.71  12.08  22.03
 286  13.35  12.33  1074.23  12.07  6.24  0.75  10.72  11801.14  13.48  34.85
 287  11.47  11.27  1017.48  12.14  5.75  0.91  10.75   8923.82   9.85  32.65
 288   9.44  11.74  1172.93  12.03  4.53  1.04  10.49   9724.52  11.00  33.02
 289  10.45  10.23  1140.96  11.15  5.45  0.94  10.75  12332.30   9.54  34.02
 290  13.34  10.54  1303.65  12.72  5.07  1.00  11.84  12457.73  12.57  33.85
 291   7.40   8.91   837.38   6.52  4.68  0.80   8.24   9735.84   8.39  26.64
 292   9.05  10.97  1215.02  10.36  5.28  1.17  11.43  12605.83   8.95  38.73
 293   7.38  11.43   994.48   8.59  5.76  1.03   7.91  11261.18   9.11  29.76
 294   6.44   7.90   889.75   9.12  4.46  0.88  10.59   7930.67   7.81  24.67
 295  12.64  11.41   921.83  13.08  6.82  1.10  11.92  11292.57  11.55  32.56
 296   9.32   9.18   761.66   9.36  4.15  1.31   9.94   7466.19   8.11  27.07
 297  12.44  12.74  1040.40  11.13  7.01  0.94  12.15  11452.73   9.82  32.69
 298   9.95   7.57  1200.42   9.91  4.39  0.96   8.31   6117.50   9.58  35.56
 299   9.04   8.43  1186.84  11.64  3.97  0.95  10.17   8795.65   9.92  27.89
 300   8.56  12.84   895.18   9.71  4.90  1.18  10.36  11685.66   9.36  27.76
 301  11.98   9.59  1064.43   7.39  4.74  1.17   8.30   9270.32  11.66  31.07
 302  10.80  10.83   838.75   9.01  5.20  0.76   9.47  10764.80   9.91  27.16
 303  10.62  10.20  1049.72   9.59  5.17  0.55  12.10   9262.48  11.54  29.68
 304   6.36   6.25  1026.47  10.65  3.57  1.01   8.55   5799.94   8.63  24.26
 305   9.89  10.67  1030.36   9.46  4.88  1.18   9.45  11114.94  10.21  23.99
 306   7.03  11.30  1214.21  11.51  6.27  0.99  11.46  12869.03   9.95  30.69
 307  11.75  11.31   518.89   8.00  5.00  0.88   7.38  11356.56  10.81  20.17
 308  10.58  10.41   851.79   7.35  5.56  1.09   7.19  11510.34  11.41  22.54
 309  12.64   9.76  1054.01   9.33  4.32  0.82  11.17   7695.35  11.58  37.42
 310   9.25   8.13   888.67  10.55  5.27  1.15   9.11  10643.60   7.69  28.35
 311   9.85   9.01   951.37  10.87  4.75  0.85  10.56  11190.73   8.03  33.11
 312  11.15  10.68  1121.13  13.29  6.13  1.53  12.25  10253.81  10.24  38.67
 313  11.90   8.88   856.20   7.75  4.78  0.64   8.18   8075.22  11.27  27.33
 314  11.46   9.50   968.45   9.95  5.92  1.33   9.58  12321.82  11.21  25.32
 315   8.46  11.61   846.59   8.50  5.34  0.71   8.65   8763.39   8.59  25.64
 316  11.20  12.60  1000.01  10.93  7.03  1.12  10.12  12550.35  11.66  40.75
 317   7.95   7.51  1124.20  11.07  4.07  1.26   9.33   8593.64   8.79  36.19
 318   9.59   9.37  1147.79  10.19  4.61  1.16   8.66   9651.51  10.04  30.69
 319   9.70  12.45  1095.39  10.19  6.30  1.09  11.22  11732.16  10.49  32.92
 320   8.87  12.23   913.10   9.43  7.13  1.03  10.60  14328.02   8.66  29.59
 321   8.07  10.36   677.43   8.42  5.61  1.22   6.70   9495.68   8.65  18.43
 322   9.74  12.62  1209.57  11.21  4.91  1.19  10.76   8865.65   9.45  34.43
 323  10.61   8.69   703.36   6.48  4.41  1.01   6.69   9303.70   9.91  23.39
 324   9.38   9.98  1246.78  10.14  5.41  0.80  12.22  10537.72  10.10  37.44
 325  10.64  10.03  1064.18  10.27  5.33  0.75  11.04  10110.49  11.36  30.75
 326   7.42   5.40   796.46   6.23  2.75  0.95   6.48   6774.47  10.19  22.29
 327   8.01   9.41  1101.69  10.36  3.93  0.90  11.13  10060.09   8.46  28.42
 328   8.59   7.93   883.00   7.04  3.49  1.02   9.27   6184.61   7.59  22.19
 329   9.55  10.87  1062.22   9.40  5.23  0.95  11.00  12169.66  10.76  28.08
 330  12.59  13.72  1209.21  14.23  6.06  0.96  14.44  12040.89  11.84  40.35
 331  12.80  10.16  1162.31  12.58  4.23  1.24  10.42  10751.19  11.38  35.72
 332  10.10  10.53  1050.37   9.32  4.96  1.18   8.64  11256.12  10.63  30.92
 333   8.74  10.23   847.38   7.90  4.08  1.13   8.56   9951.52   9.39  26.21
 334  11.03   7.79  1231.79  11.85  4.75  0.82  11.42  10487.55   9.21  33.14
 335  12.49  12.24  1156.69  10.33  5.61  1.22  11.75   8961.36  11.04  35.51
 336  10.31   8.80   905.42   9.56  4.88  1.38   8.62   8850.34   8.98  30.07
 337  11.73  11.74  1269.11  12.38  5.26  1.01  11.09  11044.30  12.02  36.94
 338   6.95   7.51  1095.80   9.88  3.69  0.86   9.74   8110.50   5.51  28.48
 339   9.34  11.35  1138.26  10.17  4.68  0.93  12.69  10945.13  11.24  31.37
 340   7.54   8.60   933.58  10.42  4.56  0.84   9.92   8451.88   7.99  23.86
 341  10.23  11.46  1041.63   9.91  6.66  0.80  11.41  12233.70  11.95  36.21
 342   9.42  10.02  1031.16  10.18  4.97  1.05   9.27   9238.56   8.14  26.94
 343   8.56  10.86   863.01   9.19  4.47  1.01   8.47  11756.98   8.79  30.75
 344  11.43   9.29   906.23   9.50  4.45  0.85  10.45  11439.06  12.78  28.45
 345   9.67  10.50   919.21   9.26  5.14  0.89  10.83  12234.09  12.32  27.97
 346  10.21  10.35  1034.00  10.97  4.01  1.21   9.63   9776.07   9.53  29.61
 347  11.16   9.30  1458.53  12.91  5.95  0.78  14.20  11094.07  11.54  41.56
 348  10.81  12.88  1125.78  12.56  6.20  1.04  10.08  12492.37  13.24  35.83
 349  13.94  12.05  1006.61  10.00  5.48  0.65   8.13  13145.36  11.91  28.10
 350  10.64   9.56  1085.18  10.12  5.29  1.01  10.85  11371.67  11.58  34.05
 351  13.75  12.96  1548.10  13.67  6.87  0.95  12.33  13334.97  14.39  40.51
 352   9.47   9.51  1019.62   7.94  3.80  1.15   8.75   8925.30   8.20  28.15
 353  11.18   9.28   983.22   8.51  4.30  1.00   7.03  10755.21  10.29  25.40
 354  10.31  11.77  1107.25   8.62  6.45  1.15  10.08  14998.91   7.81  30.00
 355  13.22  11.18  1228.78  13.46  5.76  0.94  12.23  13513.75  12.58  39.47
 356  11.02   8.35   749.14   9.55  4.75  1.19  12.10   9568.41   7.88  29.39
 357  10.12  11.94   885.10   8.33  5.38  0.80   9.69  10917.62   8.54  27.13
 358   9.07   7.53   754.23   7.37  3.39  0.90   8.70   8165.56   7.48  24.46
 359   9.29  10.95   817.95   9.80  5.25  0.91   6.99   9643.24   7.92  29.33
 360   6.79  12.10   835.06  10.85  5.28  1.08   8.14  10223.50   7.54  28.83
 361   8.12   9.24   959.39  10.20  4.16  0.75  10.97   7562.05  10.07  25.41
 362   9.68   8.83   672.79   9.92  5.58  0.86   7.09   8466.92   7.83  28.50
 363   8.29  11.50   726.93   9.18  4.64  1.02   9.05  11169.38  11.37  23.09
 364   9.49   7.40  1002.42  10.16  3.89  1.05   8.66   5884.31  10.13  23.57
 365  10.95  10.15   680.87   9.60  4.16  0.86  10.45   8254.67  10.42  27.05
 366  10.40  11.10  1172.82  11.50  6.18  1.17  11.00  12546.57  10.10  38.45
 367  10.19  10.37   898.47  10.53  5.43  0.92   9.79  10650.21  10.96  39.67
 368  11.80  11.94  1064.94  11.77  5.58  0.92  10.31  12013.69  13.01  30.72
 369  11.94  11.06   844.11   7.67  4.27  1.32   6.81   9915.03   9.87  21.23
 370   9.99   9.67  1005.69   9.46  4.95  1.02   8.19  10370.96   9.20  29.68
 371   9.88   7.33   891.70   8.19  3.65  1.08   7.88   9782.91  10.63  28.84
 372  10.44  10.77  1011.68   9.94  5.07  1.12   9.85  10962.87  11.31  30.67
 373  10.57  11.04  1265.88  13.04  4.59  1.35  11.21  11407.86  10.08  37.59
 374   8.57   8.13   886.32  10.55  4.51  1.07  10.05  11117.35   8.40  33.45
 375  10.51   7.96   819.50   7.16  5.49  1.14   8.94  10228.50   9.39  27.55
 376  11.26  11.78  1041.07   9.83  6.03  1.07  12.55  11763.82  12.02  32.12
 377  11.59  13.04   959.69  10.58  5.95  1.04  10.00  11066.80  11.89  35.69
 378  12.03  12.26  1083.94   9.67  6.18  1.16  12.05  11363.59   8.81  32.77
 379   9.42   4.80  1201.00   9.87  5.18  0.97   9.75   8050.95  10.89  25.46
 380  10.92   9.28   762.78   7.05  3.81  1.08   7.08  10453.39   9.82  25.68
 381  11.24  10.62  1086.92  12.82  5.89  1.16  11.15  11390.07   8.80  29.82
 382   7.69   8.03   887.14   9.71  4.73  1.08   9.89  10702.01   7.98  31.18
 383  10.51  11.77   965.93   9.06  5.42  1.00  10.04  11656.81  10.78  32.56
 384   9.87   8.55   989.99   9.05  4.57  0.99   8.58   6719.87   9.20  23.83
 385  11.20   9.97   817.90  11.42  4.61  1.08   8.77  11586.48   9.72  25.39
 386   7.91   8.11  1066.70  12.00  4.35  0.94  10.87  11892.49  11.25  26.80
 387   9.16   9.71   870.83   8.29  5.08  0.99   9.99   8796.68   8.84  27.93
 388  10.76   7.43   701.48   7.68  4.60  0.88   8.89   8190.49  11.43  25.24
 389   8.36   9.94  1013.16   7.76  4.59  0.98   8.63  10697.93   6.95  24.68
 390   9.12  10.29  1036.25  11.36  5.18  0.86  12.03   7680.73   9.18  36.53
 391  11.60  13.57  1273.24  11.85  6.73  1.17  14.56  12743.13  12.70  49.12
 392   8.51   9.20  1172.55  12.17  4.87  0.95  10.98   9047.93   9.39  33.33
 393   6.76   9.93   870.13  10.34  4.29  0.89  11.06   9269.02   9.04  25.36
 394  10.10   7.62   938.39  10.56  4.36  0.96   8.26   9215.02   9.15  31.55
 395  10.03   7.71  1105.88  10.32  4.43  1.30   8.56   8590.32  11.59  32.80
 396  11.73  11.99   980.67  10.48  6.22  1.07  11.07  10888.86  11.53  31.22
 397  11.00  10.12   833.22   9.74  5.20  1.18   8.67   9060.88  11.10  30.68
 398   9.07   9.80  1279.17  10.62  4.39  0.79  11.31   9308.17  10.03  33.61
 399   9.70   9.73  1158.11   9.95  4.77  0.99  11.31   8215.52   9.05  31.38
 400  12.04   9.10   843.55   9.99  5.79  1.21   9.44   9403.89   9.54  33.77
