   1  12.33  11.83  1243.05  10.99  6.16  1.10  13.19  12248.30  12.03  36.85
   2  12.03   9.37   806.95  11.41  5.61  1.21   7.91  10595.02   9.59  30.08
   3   9.56  12.37   917.88  10.63  5.08  1.05   8.78   9058.91   9.73  29.01
   4   9.70  12.11  1132.97  10.77  5.32  0.67  11.15  11289.24   8.60  38.56
   5  15.23   9.98  1144.96  12.48  5.73  1.21  11.11  10532.66  13.59  32.54
   6  10.67  11.92   917.77   9.60  5.47  1.32   6.29   9953.76  12.63  28.21
   7  12.16  11.05  1214.65  10.59  5.01  1.39  10.18  10941.27  10.42  28.52
   8  10.09  10.14  1123.00  11.29  5.50  1.11  10.41  11680.15  10.24  38.61
   9  11.62   7.59   806.45   7.03  4.09  1.05   8.09   9171.38   9.60  23.89
  10  10.16  10.49  1023.90   9.52  4.41  0.88  10.44   7085.63  11.42  29.37
  11   8.14  10.21  1261.16  10.96  3.60  0.90   9.86   9391.01   6.00  31.11
  12   8.98  12.09   970.58   9.50  4.78  0.82   9.44   8257.19   6.89  25.74
  13  11.05  13.93  1250.95  11.01  7.50  1.04  12.00  12812.31  11.22  36.52
  14   9.40   9.83   884.05   7.79  4.84  1.07   6.43   8954.68   9.29  23.12
  15   9.21   8.73   984.15   9.97  5.12  1.18   9.72  10737.80   9.93  28.24
  16  10.13  11.50   773.76   8.30  5.96  0.85   8.15  11921.75  10.66  28.44
  17  11.83  10.03  1019.23  12.80  4.09  0.86   9.92   8804.76   9.91  33.22
  18  11.49  10.71  1301.58  10.42  5.36  1.22  10.90  10754.99   9.86  34.78
  19  11.18   8.63  1268.04  10.95  4.78  0.88  11.55   7715.14   9.51  32.86
  20   9.70  11.87  1254.00  10.89  5.81  1.16  10.41  11375.53  11.15  31.40
  21   6.87  11.13  1255.62  12.98  5.28  0.85  11.79  10283.97   7.96  31.07
  22  10.64  10.62   657.60   7.98  5.12  1.13   7.87  11077.86   8.65  22.57
  23   7.67  10.54  1136.12  12.07  5.97  1.01  11.15  10851.87   6.99  32.09
  24  11.00  10.19  1013.63   8.97  5.24  0.85  12.38   8634.93  10.09  36.30
  25  13.07  11.82  1236.43  11.53  4.58  1.03  12.77  10111.45  10.93  36.48
  26  10.71   7.75   811.91   9.38  4.23  0.97   8.07   7034.98  10.37  21.21
  27  11.61  12.74   961.45   9.01  5.94  0.91  10.91  12573.10  13.57  31.21
  28   8.85   7.83  1040.58  10.53  4.60  1.40  11.86   8486.50  10.23  33.24
  29  10.20  11.23  1027.41  11.57  5.47  1.13   8.96   9602.60   7.62  33.92
  30  13.93   8.72  1073.06  12.53  3.79  1.05  12.33   7106.67  11.66  33.97
  31   9.83   7.85   988.33   8.79  4.07  0.87   9.22   7280.52   9.63  22.16
  32  14.26  11.93  1140.59  13.96  5.31  1.14   9.91  12481.11  14.39  37.64
  33  11.06   9.09  1226.14  12.82  4.80  0.77  13.05   8699.34  10.82  30.93
  34  12.83  12.64  1138.53   9.13  5.64  0.84  11.39  11592.16  12.55  40.74
  35  10.13  10.56   983.62   8.94  4.02  0.89   8.99   6952.87   9.56  31.58
  36   8.25   6.83   911.44   8.07  3.80  0.71   7.62   8963.23   7.43  26.14
  37  10.77   7.36  1098.26   9.32  3.88  1.10   9.29   8853.65   9.34  26.59
  38  13.52  11.56   894.50  11.61  6.98  1.07  13.09  12730.10  11.41  38.78
  39  11.36  11.45  1212.00  11.98  5.22  1.08  14.07  10231.39   9.56  33.14
  40  10.09  10.16   894.66  12.47  4.53  1.08  10.31  10145.54   9.30  35.71
  41  12.47   6.82   695.98   8.28  4.38  0.98   7.55   8378.41  11.29  28.23
  42   6.95   6.21   618.21   8.87  4.72  1.02   8.10   7391.23   9.24  22.97
  43   8.97   7.06   786.59   7.08  3.04  1.02   5.28   8346.91   6.21  20.89
  44  12.76  12.33  1165.60  11.92  4.94  1.04  11.64  11233.83  12.98  37.37
  45   6.88   7.98   797.55   8.69  4.60  0.84   8.07   9594.62   8.01  26.41
  46   9.50  10.89  1030.20   9.26  5.93  1.13  10.07  11921.47  12.59  27.15
  47   7.12   7.78   750.42   7.68  4.39  1.01   8.99   7627.42   8.54  26.20
  48   7.66   7.01   780.86   8.71  3.63  0.85   8.17   9322.56   8.54  28.03
  49   6.99   9.39   891.25   9.05  4.40  0.95   9.16  10906.00   8.60  24.11
  50  12.56   9.13  1178.22  12.67  4.47  0.97  11.54   8989.95  11.13  37.08
  51   9.06   8.88   751.11   7.12  5.28  0.95   6.71  10181.85   9.72  24.61
  52  12.49   9.78  1256.66  10.34  5.47  1.05  10.77  11712.97  11.94  30.68
  53   9.59   7.99  1186.14  10.44  4.22  0.98  10.89   8342.34   9.81  33.88
  54   8.85   9.33  1180.51  10.83  4.92  1.07  10.36  10371.18   9.95  28.80
  55   9.90   9.74   925.75  10.34  4.40  0.84   9.25  10462.83  10.34  32.78
  56   7.49   8.74   857.29   9.83  4.49  0.98   8.36   8226.55   7.70  29.70
  57  11.21   9.29   932.34   8.42  6.14  1.07   9.38   9360.82  10.41  28.61
  58  13.54  12.41  1513.41  16.01  6.32  0.84  13.64  11825.25  14.32  36.67
  59  11.99  11.10   937.16   7.90  5.61  1.02  10.47  11488.07  14.06  24.82
  60  10.83  11.85  1210.85  12.36  5.43  0.92  12.51  11495.58  11.83  38.14
  61   9.78   9.38  1129.88   8.89  5.67  0.65  10.25  10177.03   9.74  30.74
  62  10.54   9.87   935.14  10.08  4.40  1.06  11.99   9045.42  11.54  24.13
  63  11.15  12.22  1322.14  13.75  4.27  1.04  12.63  11987.07  12.12  36.21
  64   9.74  11.68  1201.46  10.47  6.18  1.05   9.69  12459.98  11.00  32.91
  65   8.77   6.40   748.71   7.74  3.26  0.97   8.07   6683.03   8.42  21.74
  66   8.08  10.50   756.22   9.32  5.38  1.25  10.47  10182.24   9.29  27.78
  67   8.60  10.60   881.53   8.92  5.87  1.12   8.27  10883.21   8.98  26.06
  68  10.58   9.68   884.28   9.99  5.16  0.92   9.08   8650.46   9.56  36.38
  69   9.17   8.86  1075.97  10.07  3.86  0.95   9.39   8968.10   9.12  34.71
  70  11.60   9.24  1109.73   9.31  4.42  1.00  10.88  10739.52   9.78  29.26
  71  13.03  12.26  1270.50  11.13  6.23  0.93  10.64  12092.45  11.91  33.23
  72   8.38   6.82   767.06   6.79  3.07  1.00   8.15   8671.44   9.18  26.81
  73  11.70  11.16  1068.12  11.31  4.75  0.84  10.01  11241.25  10.73  39.07
  74   8.12   5.15  1117.20  12.00  3.06  1.29  10.52   5964.06   9.55  28.17
  75  11.08   9.01   688.34   9.22  5.03  0.86   9.42   8689.74  10.04  26.49
  76   7.88   9.01  1130.23   8.11  4.42  1.21  11.48   7080.28   9.37  28.06
  77   7.37   8.51   851.27   7.21  3.76  0.93   7.83   6235.77  10.23  25.47
  78  10.89  11.53   840.72   8.70  5.51  0.91   9.39  11287.02   9.46  39.24
  79  10.14  11.02  1171.21   9.40  6.31  1.13  12.04  12304.03  12.30  30.75
  80  12.34  14.05  1070.70  11.71  6.49  0.94  10.80  13803.02   9.92  31.99
  81   7.10   9.79   981.53   6.54  3.85  1.17   9.61   9868.39   7.44  33.29
  82  13.23  13.74  1130.26  11.56  5.30  1.08  13.60  14672.53  12.63  29.08
  83   9.63   6.54  1070.54  10.54  2.92  1.17   8.84   7414.79  10.33  32.46
  84   8.20   7.59   687.92   6.96  3.66  1.37   7.15   9158.47   6.63  14.59
  85   8.03  11.49   775.87  10.36  5.27  0.95  10.83  11042.30  10.50  26.05
  86  11.19   8.20   953.06   9.14  4.58  0.96   9.95  11447.87   9.34  27.96
  87  11.04   9.96   853.35  10.45  5.86  1.23  11.15  11131.78  11.36  26.12
  88   8.43   8.60   793.35   8.41  3.37  0.95   8.28   7787.06   9.30  22.37
  89  10.49   9.47   866.45   9.67  4.28  0.75  10.01   9915.30   8.41  33.35
  90   9.62   7.62   775.61   6.55  3.73  0.91   7.51   7951.80   9.04  17.90
  91   9.33   7.25   786.27   9.85  3.19  1.06   8.22   7537.23  11.72  19.73
  92  12.17  11.61  1148.03  11.54  4.62  1.29   8.15  13259.04  12.39  33.95
  93  10.08  11.38   850.62   8.54  6.15  1.04   8.22  12343.70  13.06  20.49
  94   8.46   9.18   963.29  11.40  5.48  1.06  11.02   9019.08   9.27  34.28
  95   9.42   8.77   615.84   6.52  3.96  0.73   5.63   8821.17   7.68  14.52
  96   9.14   8.49   701.86   9.86  4.88  0.95   7.83   8828.91   7.77  26.76
  97  10.48  10.68   866.23   9.58  4.77  1.23  10.13   8627.67   9.38  28.19
  98   8.78   6.79   489.32   6.88  3.57  1.11   4.66   8043.76   9.45  12.28
  99   8.44   8.29   858.48   5.53  4.10  0.99   7.10   8857.64   9.34  23.30
 100  13.14  10.78  1214.90  11.76  6.38  1.22  13.35  10779.57  14.94  35.58
 101   8.73  10.11  1066.32   9.48  4.43  1.03  11.73   8686.49   9.21  29.76
 102   8.05   7.65   888.21  11.37  4.72  0.77  11.76  10992.84   8.90  24.89
 103  13.02   9.54  1089.33  12.00  5.04  1.20  12.88  11013.62  13.27  31.98
 104   9.70  11.35  1193.84  14.96  4.54  0.94  13.13  10337.03  10.09  34.77
 105  12.30  11.94  1216.09  12.73  6.95  1.04  13.39  13393.91  13.56  33.50
 106   8.17  10.12   885.45   9.35  4.43  1.02   9.87  10256.72   8.82  26.91
 107  13.31  10.92   992.26   9.72  4.91  0.95   8.79   9411.92  11.33  25.60
 108  11.85  11.04  1260.19  12.09  4.70  1.00  12.46  11807.30  10.75  36.24
 109  11.84  10.89  1000.78  11.04  6.42  1.18  12.69  12739.23  11.09  34.37
 110  13.08  11.53  1183.46  12.21  5.23  0.98   9.46   9314.41   9.86  34.17
 111  12.11  11.74  1312.25  11.75  5.09  1.02  10.57  11771.20  12.04  39.30
 112   7.91   9.11   818.30  10.10  5.66  0.97  10.33  10712.01   8.33  28.54
 113  12.93  14.82  1173.16  11.97  6.13  0.97  10.65  12892.22  11.87  37.33
 114   9.46   9.77  1031.95   9.48  5.21  1.23   8.92  10566.81   8.44  23.34
 115   8.72  11.03  1123.21  11.58  6.54  1.29  12.35  12829.73  11.26  33.36
 116  12.18  10.96  1155.14  11.60  6.33  0.93  11.91  12439.09  12.02  29.21
 117  10.83   6.65  1002.84   8.30  3.48  0.82   7.48   5716.54  11.63  26.80
 118   8.64   8.43  1137.32  12.70  4.29  1.32  12.05  10416.11   8.93  32.27
 119   8.31  11.67  1086.65  10.08  6.53  1.08  12.40   9103.71   9.46  33.93
 120   9.89   9.52  1035.03  11.10  4.95  1.09   9.71   9759.83   9.77  28.50
 121   9.67  10.56  1206.42  12.47  5.69  0.93  11.90  11503.44  10.19  33.42
 122   9.57  10.48  1056.31  11.20  6.74  0.98  10.12  11195.95   9.00  31.61
 123   9.50   9.30  1006.05   8.76  4.52  0.85   9.16   9377.72  10.40  28.79
 124   8.83   8.04  1138.56   9.79  4.95  0.99  10.07   9760.30   9.40  29.60
 125  10.23  12.91  1091.82  12.14  6.51  1.26  11.93  12013.29  11.32  28.86
 126   8.94   9.39   769.13   8.41  5.32  1.03   9.32  11551.28   9.39  25.28
 127  10.36  10.65  1065.21   9.86  5.59  0.86   8.01  12395.84  10.29  27.30
 128  10.97  10.12  1138.99   9.61  5.55  1.14  10.36  11978.62   9.45  33.15
 129  11.18  10.56  1209.33  11.70  6.51  1.20  11.74  10865.85  10.21  37.22
 130  10.78   9.14  1030.92   9.16  4.46  1.07  10.62  10501.37  10.57  25.17
 131   9.89   9.94   901.60   9.75  5.74  0.93   8.62  10594.16   9.25  28.70
 132  10.18  12.03   974.79   8.64  5.98  1.03   8.96  13210.18  10.75  22.05
 133   7.57   7.85   783.26   8.00  3.31  0.88   5.66   8769.41   9.10  21.16
 134  10.64  12.26  1359.15  13.96  5.51  1.05  15.20  11303.67  11.35  37.21
 135   8.98   6.00  1068.57  10.82  3.52  0.80  10.82   5735.83   7.26  27.16
 136  11.73  11.45  1174.62  12.31  5.95  0.88  11.50  12217.35  10.93  37.70
 137   9.94   9.57  1118.10   9.45  5.80  1.13   7.93  10119.67  10.07  37.37
 138  12.28  11.08  1130.73  10.08  4.81  1.06  10.66  11091.77  14.04  35.01
 139   7.70  10.93   539.55   8.70  5.54  1.12   7.35   8906.68   7.22  21.86
 140  12.41   8.59   796.04  10.12  5.17  1.08   8.56  10653.20   9.78  25.64
 141  10.00   9.32   773.30   8.24  4.28  0.72   8.81   7542.66  10.35  22.91
 142   9.06   9.93  1051.56  10.01  6.16  1.13   9.22  10326.95  10.95  26.37
 143  10.07   9.98   756.47   6.71  5.15  0.92   8.58   9026.35   7.99  24.19
 144   9.73  10.27  1288.94  11.78  6.54  0.86   9.77   9703.04  10.66  36.85
 145   9.90   8.29  1015.97   8.95  3.31  1.03   9.72   7414.28   8.96  27.47
 146  10.44   9.16   988.45  12.94  4.72  0.89   9.68  11603.64   6.47  28.27
 147  10.53  11.51  1007.34   9.42  5.64  0.91  10.06  12476.74   8.33  37.05
 148  11.20  11.13   920.73  10.96  5.66  1.13  11.84  11969.54  12.50  38.20
 149  10.80  11.08   957.64   8.98  5.60  1.03  10.27   9374.77  11.77  29.80
 150  11.76  12.87  1365.62  13.85  6.46  1.10  11.74  12698.20  11.61  39.21
 151   8.15   9.60   937.98   8.38  4.92  0.88   9.84   9578.66   9.42  31.33
 152  10.62  11.86  1028.60  11.61  5.55  0.81  12.73  10125.22   9.12  37.30
 153   9.39  10.84   748.55   8.81  4.07  1.06   9.29   8616.07  10.30  27.45
 154  10.09   9.65  1077.81   8.75  4.94  0.95   8.47   8137.21   9.61  23.42
 155  13.43  10.84  1053.16  10.08  6.38  1.19  10.42  10606.26  10.95  41.39
 156   6.03  11.24   962.63  10.92  6.48  0.87  10.55  11078.92   7.39  23.32
 157   9.01  12.65  1012.32  11.39  5.81  1.21   9.32  11046.19  10.85  30.02
 158  10.92   7.75   749.19   7.27  4.34  1.10   9.34   8753.29   8.85  19.05
 159   7.22  10.56   838.21   8.61  5.14  0.88   8.48   9684.63   7.71  29.95
 160   9.44  10.75  1066.14  10.79  5.51  1.34  10.34  10244.26   8.31  30.11
 161  11.01  10.27   831.83   8.98  5.32  1.07   9.12  11514.98  12.83  29.72
 162  12.31  10.05   980.63  10.01  4.54  1.15   8.70   9174.12  10.23  24.77
 163  10.02   8.39   950.67  10.16  4.31  0.92   9.24   8359.19   9.81  27.75
 164  10.54   9.56  1120.95  11.33  5.36  0.99  11.69  12534.77  10.59  35.63
 165  10.77   9.69   913.15  10.58  6.58  0.99   9.94  11336.78   9.46  26.95
 166  12.22  11.87  1038.50  10.42  5.61  0.96  10.05  11589.45  10.44  30.54
 167   6.78   8.43   968.97   9.81  5.82  1.02   9.52   9417.15   8.91  31.64
 168   8.36  10.28   686.97   7.14  5.69  0.87   7.43   8913.38   7.14  20.74
 169   8.99   9.25  1159.63   9.16  4.23  1.17   9.93  10053.89  10.48  35.97
 170   9.09  10.44   925.13   9.10  5.92  0.76   9.61  11615.68  11.25  27.76
 171   9.00   9.59  1110.46  12.59  5.78  1.41   9.57   9346.14   8.83  35.97
 172  12.37   8.53   954.00   9.21  6.01  1.32   9.67  10577.58  10.70  33.56
 173  13.26  12.45  1291.02  13.22  6.42  1.18  14.05  11698.89  11.56  40.44
 174   9.52   7.56  1020.03  10.31  3.53  0.78   8.84   6813.77  10.74  31.08
 175   7.44   8.66   705.95   5.59  4.81  1.11   6.82  10035.00   8.02  27.59
 176  11.81  12.23  1415.76  12.00  6.16  1.11  13.73  10441.82   9.40  41.75
 177  14.58  12.13  1122.12  10.70  4.97  1.04  10.51   9695.97  13.07  35.20
 178   9.60  10.67  1056.10   8.73  4.83  1.07  10.76  11629.56   8.34  32.38
 179  10.02   9.91   954.40  10.67  6.58  0.81   9.47  10983.73   8.59  32.82
 180  14.03  11.29   840.80   8.67  5.27  0.99   9.76   9203.75  11.19  28.45
 181   8.70   6.62  1247.02  12.51  3.38  0.82  11.39   8021.76   7.82  34.74
 182   9.59  10.53   923.09  10.80  5.01  1.02   9.89   8859.60  12.81  34.63
 183  10.17  13.10  1137.59  11.01  5.97  0.77   9.08  10044.73  12.47  31.57
 184   8.44   9.34   654.67   6.65  3.16  0.58   8.70   8377.04   9.07  23.83
 185  10.06   8.66  1317.24  11.80  5.01  1.45  13.18  10715.37  12.05  42.81
 186  10.70   9.88  1077.04   9.87  5.28  0.98   7.95  12056.96   9.70  24.06
 187   9.71   8.29   824.44  10.20  4.20  1.23   9.23   9328.64  10.54  29.59
 188  12.16  11.32   893.00   8.73  6.11  0.94  11.85  11694.61  11.54  26.61
 189  12.42  11.05  1011.87  11.00  5.48  0.74  10.12   7472.93  11.87  31.33
 190  10.49  14.38  1056.63   9.01  5.89  1.09  10.28  13081.01   9.13  32.49
 191   9.48   8.77   862.56   9.05  3.84  0.81  10.15   8759.89  10.03  30.33
 192  10.41   9.59  1187.47  10.13  5.43  0.87   9.81  11450.34   8.77  30.10
 193   8.94   8.56   982.24  10.66  5.60  0.83   9.01  10308.70   9.06  29.67
 194  13.35  13.38  1382.32  14.41  6.82  1.42  13.42  12654.36  13.61  41.30
 195  11.09  12.44  1299.39  12.99  5.62  1.07  12.45  10923.90  11.40  38.31
 196  10.08   8.99   665.55   6.07  4.96  0.94   6.71   9288.50   8.64  23.12
 197   9.31  10.68  1052.44  11.77  5.35  1.19   8.97   9686.12   8.40  31.52
 198   8.23  10.22   999.95   8.70  4.70  0.91   8.42  10050.70   8.89  24.97
 199  11.96   8.12  1330.26  12.63  4.04  0.86   9.29   7356.41  10.82  32.75
 200  11.23  10.08   976.32   8.26  5.69  0.89   9.86  11069.08  11.84  28.73
