-2.60752  -2.04092   0.66772   0.40488   1.32107  -0.35083
-2.59774   0.59376  -0.68969  -0.81425  -0.54921   2.94808
-0.60272   0.05678  -2.63519  -3.83902  -0.50832   1.52563
 0.05149  -1.40517  -1.33480  -1.14832  -0.09143   1.52235
-2.59749   0.33210  -0.82528  -1.12503   2.16773   0.27801
 1.89771   1.27329   0.95939  -1.19247  -1.48458   0.71453
-0.20012  -0.61518   4.15543   1.98870   0.27168  -3.55437
-0.97604  -2.05122  -0.13716   1.80061  -1.01667  -1.68073
-2.09325  -0.95388   1.86029   1.27346   3.60118  -1.88674
-0.09548   1.20637  -1.38364  -0.41451   0.17601   2.19475
-1.90054  -3.35206   0.18251   0.47026   1.41618   0.46931
-0.00900  -1.20950   1.94184   3.92360  -0.45771  -2.92213
 0.82853  -0.85517   0.05053  -0.11023   2.27101   0.30427
-1.38754   0.77082   0.82472  -1.20686  -1.65305  -0.63304
 1.36770  -0.37125  -0.58973   1.16039  -1.36276   0.49001
-0.30259  -0.73092   0.39556   1.42450   0.88575  -0.06449
-2.11938  -2.44496  -0.43494   0.37658   2.01151   0.40993
-0.15114  -0.43251   0.52655   0.26966  -0.93553   1.00724
-0.96305   0.53447  -1.59654  -1.78363   1.28976  -0.62772
 0.43605  -0.55865   0.77693  -0.08538   1.67906  -0.22695
-1.08486  -0.77055   0.03915   0.94309   0.59349   1.03409
-1.59662  -2.23952  -2.98758  -0.47460  -0.09024   0.75610
-1.75066  -0.11332   1.53572   0.35724  -1.07019   1.09534
-0.29208  -1.20516   2.54282   0.45399  -0.80626  -0.72664
-1.60002  -1.63886  -0.51461  -0.18511  -0.08785   0.59023
-5.66418  -4.98543  -1.94153  -1.62328   4.34113   0.59891
 2.32779   2.50391  -0.41331  -0.68693  -3.41618  -1.09596
 0.04962   0.11096  -0.20759  -1.79925  -0.98578   1.25306
-1.92878  -2.49396   0.71714   1.20289   1.58415  -0.49884
 1.08237  -2.08283  -1.73752  -1.73215   0.14398  -0.03513
 2.74050   1.55869   1.32229  -0.12572  -1.57496  -0.15882
 1.76635   0.54050   2.15783   1.27909  -1.26110  -2.10417
 1.76860   0.41117  -2.03127  -1.98744  -2.80026   2.22085
 1.60872   2.00093  -0.16873  -3.32772  -2.95105   0.68728
-0.74286  -1.76973   1.85561  -0.22367   1.95164  -1.52482
-0.77670  -2.30145   2.34820   1.13867   1.39255   1.10627
-1.91950  -1.68295  -4.81191  -4.27656   2.17159   4.61806
-1.36119  -1.94289  -0.71223  -0.26737   2.45784  -0.00742
-1.08559   1.30867  -2.02128  -2.21723  -0.29735   2.15329
-1.66508  -0.40151  -1.00047  -2.53744   2.17865   0.44635
-4.45756  -1.52737   0.22719  -0.64844   4.95372   2.97374
-0.61449   1.67362   0.43280  -3.19664  -0.18954   2.58769
 4.72127   5.35839   0.75110  -0.04197  -4.43801  -2.02280
 0.45964   0.31680   1.61879   1.19810   0.30246  -0.48861
-2.89039   0.19344   2.05472   1.23468  -0.42411  -2.76478
-1.37962  -0.37370  -1.14370   0.55158  -1.66495   0.38876
 0.52258   3.01736   3.37830   1.87765   0.35978  -1.54340
-0.57582  -2.60912   0.94065   0.40895   2.97820  -1.56815
 0.66470  -0.81908  -1.03980  -2.00291   0.34487  -0.68743
 2.66218   3.51602   1.66432   0.21080  -3.06735   0.94676
 0.53138   0.40630  -2.11748  -2.05874   0.06466   2.37794
-2.21099  -2.16160  -1.36812  -0.78345   0.95288  -0.32481
 0.44462   0.07576  -0.53705  -3.16061  -1.12941   1.67340
 0.48896  -1.42490  -0.22266  -1.05722  -0.56521   0.20516
-1.96066   0.99919  -3.45653  -1.29311  -1.34224   1.51373
 0.06292   0.31147  -2.40589  -1.34705   2.55698   1.26780
 1.10992   0.12009  -0.24813  -1.82703  -0.40017   2.38462
 0.07051   0.31471   2.66654   1.51156  -0.83297  -1.48988
-0.35513  -2.40832  -0.78156  -2.34879  -0.41394   2.60742
-3.19282  -4.29964  -1.86475  -1.96220   2.06662   0.57901
 1.63631  -0.17500   1.24674   2.36377  -0.48198   0.81625
 2.55293   1.15812   0.07486  -0.55967  -1.10169  -0.70213
 2.57861   2.78728   1.23758   1.56156  -2.66368  -1.14886
 1.15103  -2.03725   0.66590   0.77447   3.03797   1.97384
 1.30091   0.19621  -3.50848  -2.23663  -1.48549   2.33369
-0.17213  -0.09823  -1.02168   0.35694   2.21735   0.66224
-1.50524  -0.39387   0.52857   2.07754   1.29367  -0.07751
-1.06765  -1.43607   2.37555  -0.03766   2.69017   0.38505
 0.70793   0.12277   3.01984  -1.69220  -0.45434   0.46810
-0.76383  -2.91128  -0.01698   1.25700   1.58649  -1.00712
-0.14578   0.38854   1.15639  -1.63989  -1.15734  -1.12693
-1.35255  -1.28578  -1.13155  -0.45028   0.24106   3.38162
 0.10197   1.11814   1.15568   0.13442   0.53700  -0.75189
-0.84431  -2.12080   0.74096   1.91948   0.91465  -0.85430
 0.55495  -0.06342  -2.01591  -0.84679   0.79736   0.58346
-2.45404  -1.45484   0.11627   1.60171  -0.09357  -0.30249
 1.71654  -1.86569   0.43610   3.01709   0.68113  -2.00603
 0.00149   0.46477  -0.89729   0.37337   0.84272   1.15007
 0.77896   2.80242  -0.78773   0.00464  -0.57985  -0.27813
-1.51328  -4.24505  -0.21536  -1.57071   1.69395   1.03608
-0.94761  -0.22501  -4.20075  -3.56373  -0.46849   2.43043
 0.84866   0.18947  -2.62808  -1.19340  -0.61078   1.91272
-1.81286  -3.39779  -2.52224  -0.92495  -0.43225   4.43829
 0.90874  -0.78926  -1.93530  -1.76883   1.35603   1.53213
-0.88800  -0.84366   2.38900   1.86516   3.01207  -3.62399
 3.35198   0.16891  -1.19070   0.45404  -0.81999   0.99140
 3.43146   1.34836   1.52422   0.10787  -0.98464  -0.44430
 1.55531   0.32082  -1.27210  -1.08762   0.25497   1.41124
-0.77971   1.04072  -0.54992  -2.99091  -1.19364   2.84972
 0.64196   0.11278  -1.28867  -0.26763  -0.31264  -1.07126
-1.04542  -2.02368  -0.89952  -2.21357   1.34335   0.82779
 0.92086   0.22895   1.64014   0.42749  -0.07355  -3.41374
 2.87686  -0.18834   1.12313   2.52691  -1.76819  -1.54351
-1.58547   0.20476   1.50274   1.20643  -1.77136  -0.65704
-0.11840  -2.51429  -0.08830  -0.17751   0.12194  -2.75398
 0.68494  -1.28206   0.15367  -1.36746   1.62077  -0.49332
 1.93861   1.67954  -0.55479  -0.72709  -2.37940   0.55244
 0.10175  -2.62137   1.30791   1.09358   1.35707   0.77691
-0.89886  -0.51501  -0.84187   0.10075   0.86678   1.37684
-0.21805  -0.33479  -0.82586  -1.99181  -0.71583   0.61299
