 0.49464   0.84748  -0.18870   0.22944   0.31475   0.14086
 1.29702   0.64319   1.00948   0.55360   2.12976   2.82855
-0.47604   0.63695   0.01731   0.56861   1.02323   0.86964
 2.26378   1.17854   2.66852   2.61012   3.92767   3.30061
 0.97278   1.24157  -1.10611  -1.69492  -2.00753  -1.50181
-2.62733  -3.17792  -0.99573  -0.48252  -0.11812  -0.75417
 0.08314  -0.01027   0.51803   0.80450  -0.59192  -0.94205
-1.63587  -2.29481  -0.18931   0.41680  -0.94582   0.16169
-0.41341  -1.11291  -1.36482  -1.24444  -1.74957  -0.56297
 0.53554  -1.09976  -2.88662  -2.88938   0.32866   1.31995
 0.59023   0.32279   1.09529   0.24686   2.06762   2.70264
-2.57376  -0.97778  -1.62219  -2.50731  -1.40685  -1.63217
 0.27906   1.48323   1.39529   0.31592   0.02806  -0.28971
 0.05523   0.04026  -1.48205  -0.64831  -0.39375  -2.36892
 1.13527   1.09149   0.15357   0.60124   0.08009  -0.38425
-0.45437  -0.70359   0.91962  -0.15356  -1.02421  -0.16908
-1.68354  -1.21636   1.06666   2.19224  -2.04259  -2.18971
 4.00834   4.49324   2.64654   2.12254   3.15670   3.76921
-1.37064  -0.68854   1.89887   1.26151   0.09978   0.77849
-0.56156  -1.13882  -1.26640  -1.78521  -0.02348  -0.60180
-2.09660  -2.41259  -1.21908  -0.66968  -0.69213  -2.07030
 0.54884   0.17355   2.37635   1.74076   1.95658   0.96969
 1.09083   1.85148   2.96605   2.96833   3.07405   1.13940
-1.12846  -0.90096  -0.32307  -0.45743  -2.22395  -1.20611
 0.72012   0.50481   2.66223   2.58780   2.41849   3.37580
 0.66780   0.42444   1.29639   1.57565   0.49297   0.77123
 1.01914   1.65950  -1.81154  -1.59937  -1.70547  -1.52680
 0.99842   0.02109   0.08751   0.72871   1.29625   1.57872
-0.54433  -0.39439  -0.77956  -1.87935  -1.63243  -1.08896
 0.08836   0.75043  -0.49260  -0.39973  -0.22344  -0.98605
 1.13170   0.52299   1.86163   1.06773   3.56715   4.27324
-1.47747  -1.14225   0.35477  -0.06774  -0.38362  -0.64645
-1.79574  -1.75239  -1.04666  -1.76224  -0.73858  -0.93666
 0.27480   0.41487  -0.37117   0.16071   0.04140   0.85320
-0.27316   0.60206   1.05997   0.71472   1.72964   0.72154
 0.57992   0.39565   1.76564   1.69820   0.64890   1.67937
 1.79395   0.72744   1.81244   2.41439   1.75720   1.80615
 1.40207   0.57614   1.39630  -0.22396  -2.63480  -1.34742
 0.77315   0.69691  -0.91096  -0.21985   1.74497   2.16326
-1.99094  -2.21295   0.03268  -0.24714  -0.56849  -0.16398
 0.86128  -0.32337   1.80519   2.40776   0.53394   1.10055
-2.25278  -1.77704  -2.49421  -1.66326  -0.63706  -1.08391
 0.66594   1.53497  -0.10568   0.54361   1.20592   1.32516
-0.73713  -0.54937  -0.24714  -0.15084   1.13432   0.03370
-0.34676   0.64627  -0.71603   1.13619  -1.78251  -1.16710
 1.16044   0.03286   1.55311   1.79138   0.30550   1.86264
-0.20979   1.13209   0.67553   0.48240   2.82475   2.25149
 0.33415  -0.06796   0.00794   0.19193  -0.60646  -0.52006
 1.05537  -0.78895  -0.33055  -0.39887   1.10522   1.79803
 1.22987   1.28423   2.89125   2.35792  -1.17800  -1.37756
 3.36454   3.28081   4.00683   3.79377   2.70845   1.81554
 2.32441   0.72029   0.16353  -0.18703   1.57072   2.82122
 1.03370   2.09379   2.89127   2.65236   2.43025   2.35583
 1.23699   1.05207   0.54195   0.42762  -0.80077  -1.50857
-0.06753  -0.34129   3.75998   3.33916  -0.18984   0.00079
-1.90836  -0.60972  -2.50091  -1.50013  -0.90554  -0.89235
-2.13458  -0.09256   0.36943   0.80561  -2.99086  -2.67850
 1.42224   0.44284   1.10909   0.65315  -0.89860  -1.09648
 0.26826   0.38884   0.47511   0.40594  -0.87711  -0.82342
-0.02001   0.54510  -0.95055  -0.55623   0.09157   0.80303
-0.52580  -0.47459  -0.28728  -0.57154  -0.00225  -0.19958
 1.62528   1.54700   0.63650   1.61097   1.60968   1.94621
 0.90839   1.10156   2.39938   1.60479   0.67237   1.35783
-3.48187  -2.56841  -1.60521  -2.14161  -0.09460   0.04122
-1.22715  -2.81776  -3.21068  -3.71032  -0.48813   0.31904
 0.82265   0.95694  -0.83633  -1.16362  -0.58070  -0.27282
 0.03937   0.82143  -2.54650  -2.58671  -0.93924  -0.40954
-1.73978  -0.73674  -1.43987   0.02076  -1.15878  -0.90958
-0.78125  -1.14395   1.46758   0.58249   0.56647   1.15760
 1.21337   1.22732   0.76384   1.04264   1.10923   0.62285
-0.36918   0.35264   1.13298   1.13941   1.61276   1.23178
-0.38594   0.65554  -1.33621  -0.26496  -0.37849   0.35077
 0.31385   1.19029  -0.10868   0.43608  -2.40748  -0.29193
 0.92001   0.97077   0.04824  -0.49279   0.39372  -0.07389
 0.84822   0.12066   2.08817   1.38063  -0.27705   0.51713
 0.17787   1.14791  -1.43867  -1.48418   0.04109  -0.87377
 0.09401  -0.06261   0.71533   0.22175   0.62223   0.81047
 2.11518   2.30175   2.05570   2.03877  -2.15461  -0.29403
-1.92378  -1.67670  -1.80892  -1.42853  -3.76336  -3.13323
-0.34540  -1.31184  -0.94187  -1.57394  -2.24760  -0.01991
-2.25673  -2.46624   0.32384  -0.02385  -2.21507  -1.29527
 0.14357   0.39074  -0.19864  -0.17110   1.22744   1.92953
 0.65417   0.33008   0.72426  -1.25302  -0.00571  -0.23247
 1.35418   2.04752   0.91257  -0.58081  -2.10110  -1.92692
-0.75180  -1.20313  -0.74225  -0.71029  -2.00605  -1.65985
 1.10437   1.23425   1.89102   2.18984  -0.17219  -0.56527
 1.69739   0.67515  -1.05903  -0.72965  -0.24243   0.05291
-2.25846  -3.02493  -1.90078  -2.22310  -1.43342  -1.00888
 1.63328   1.42415  -0.14465   0.17474  -0.13115   0.02732
 0.16559   1.87583   0.24798   0.22618   1.62553   1.74496
 1.65978   0.52853  -1.60571  -2.33677  -1.11989  -0.24547
 2.41547   2.37695   0.61295   1.47927   0.26049  -0.32860
 2.55849   2.85309   0.96741   0.82314   1.11420   0.14788
 2.56200   3.27419  -1.60900  -1.50268  -1.82210  -0.50865
 0.95214   0.31101  -1.66021  -2.22263  -1.67761  -2.20977
-0.17752  -0.35893   0.41261  -0.31711   0.72249   0.05213
-0.15654  -0.32270  -2.27084  -3.60791  -2.27287  -1.84273
 0.05233   0.25244  -0.22527  -0.66256  -0.84718   0.60513
 0.90883   0.46759  -0.75479  -1.46050  -0.98723  -0.09253
-1.11111  -0.69541  -1.36972  -1.56176  -0.28748  -1.92193
