 1.00
 0.99 1.00
 0.36 0.34 1.00
 0.99 0.99 0.32 1.00
 0.91 0.92 0.28 0.89 1.00
 0.25 0.25 0.21 0.25 0.24 1.00
 0.31 0.31 0.08 0.33 0.28 0.48 1.00
 0.44 0.44 0.33 0.44 0.38 0.69 0.35 1.00
 0.22 0.22 0.23 0.22 0.19 0.62 0.28 0.91 1.00
 0.45 0.45 0.34 0.45 0.42 0.69 0.35 0.95 0.77 1.00
 0.66 0.66 0.29 0.67 0.49 0.29 0.26 0.54 0.31 0.51 1.00
 0.16 0.16 0.08 0.13 0.17 0.32 0.15 0.43 0.34 0.47 0.20 1.00
 0.39 0.39 0.32 0.39 0.32 0.67 0.33 0.99 0.92 0.93 0.50 0.35 1.00
 0.34 0.33 0.18 0.36 0.27 0.46 0.26 0.65 0.59 0.57 0.49 0.30 0.57 1.00
 0.55 0.55 0.36 0.54 0.54 0.65 0.33 0.77 0.54 0.84 0.53 0.34 0.71 0.49 1.00
 0.02 0.01 0.04 0.01 0.01 0.18 0.01 0.15 0.07 0.19 0.14 0.16 0.13 0.16 0.20 1.00
