 2016   1474   4144  10397  11734   2878   2836   3587   6259   9781   12694  15996   15395
  355   5424    983    277    884   2921    489    360    710   1576    2584   2871    4728
 1899   1480   6442  12844   3299   3177   2421   3046   6997  11743   21120  22546   14505
 2886    570   2240   7242   6656   2470   1332   2361   3469   5729    6453   8344    6664
20564   5776  31656  86522  47657  25133  24501  17501  65857  85443  218439 222748  110900
 2053   1936   6219   8939   5286   3796   6595   2565   7355  11274   19815  25161   15231
  893     52   4055  13616   7096   2193   2824   2681   8229   9211   35041  27029   11126
  290      6    970   1283   4710    462    379    668   1124   1698   10026   4042    2673
 6520    787  17031  16523  12763  11193  10933  10170  26417  40362   78695  84406   44696
 3801    906   8356  15957  23123   8565   9720   5881  18940  19333   35515  38919   27019
  445     28   1753    273    851   1617   1124    992   1446   4192    7768   8077    7752
 1744    174   1653   4189   1565    982    439   1021   1689   2774    3431   4548    3691
 5052   1282  15476  42026  29418  13905   8677  11447  28507  29877   71023  76832   37257
 2735    715   7228  33323  16015   5485   2189   4905   9382  14212   20426  23893   15289
 5771    177   3138  10088   8204   2507   1516   2100   5213   6296   10915  11655    8735
 2986    983   2838   7095   5356   2633   2417   2290   5311   6540    8608  11360    9597
 2438   2448   3752  14244  12589   3678   1453   2801   5565   8472   10733  14293   12944
 1488  17973   5086   4475  18514   3995   2276   4419   6451   9502   14709  19054   13201
  513     15   1297   2281   3052    676    572    904   1723   3197    5340   5410    3915
 1338    100   7216   5830   6486   3038   4123   4146   9046  12514   30573  33229   25552
 1212    130   6606  21966  10299   4083   3861   5184  14845  16373   50880  53879   19273
 2526   1173  10131  52785  18899   6322   4129   7058  18874  23420   41538  48791   27691
 4174    877   6195  15532  11584   5296   2640   2941  11776  12275   25352  27558   15374
 1798    507   2192   7313   5895   1813   1334   2857   3150   5630    6474   9032    8410
 2621    522   6697  16447  14675   5800   5114   4007  10659  13223   21345  27768   16246
  943    903    893    822    608   1008    391    932   1192   1839    2473   3557    2948 
 4330    114   2097   3315   3347   3193    986    674   3495   3906    7007   8055    6669
  406   1969   4495   1687    902   1555    961   1630   2478   5053    9877  17336    5339
  252     31   1198   5600   1957    521    582   1486   2113   3098    7566   6617    3088
 1524    128   9675  11954  26031   8889  11285   7366  25132  20221   64187  60211   29773
  808   3050   1979   6147    880   1073    708   1480   1823   3800    5937   7468    7545
 2780    471  17629  36007  36147  13007  21968  14544  37741  42056  182389 140228   68323
 4757    259   8563  20877  34198   5816   4161   6158  13094  18242   29719  31418   26968
 1668    482    764    723    461    767    302    626   1377   1427    1989   2741    2374
 3331   1134  11753  54395  28273   8809   5703   8994  21535  27984   46511  53989   31941
 1531   3879   2332   7431   5156   2702   2017   2570   4421   7267    9064  12634   11762
 2590    104   4731  13919   3949   2935   1633   2143   6937   7586   14140  15939   10361
 3298   1748  12509  37050  31025   9911   7245  11814  19286  28310   62352  69654   34338
  208     19    895   2853   1430    396    642    797   1426   2242    5802   5814    3106
 1208    223   4195   9335  14432   2156   1758   3193   5172   9180   11861  13505   13258
 2003    251    745   2257    694    637    332    623   1236   1795    4188   3156    2373
 1651    399   5527  17466  14777   6816   2798   1461  10396  15368   19450  27633   17005
 7327  41278  24138  47434  42291  20283  17481  20672  40239  47953   79020  99282   64431
  583   1620   2858   4578   2473   2068   1016   1316   3094   5167    8304   9892    7383
  332     46    635   1804    842    325    386    523    890   1416    2607   3043    1762
 1952    997   8635  11883  18103   5448   6818   4756  11068  16168   35268  39364   37351
 4612    332   7683  13985   6949   5037   5187   2551  11802  15432   29205  33006   23823
  240   2980   1720   2680   4036   1244    840   2789   1960   3248    4147   6147    5129
 3016    365   5986  22942  15662   4450   2083   3283   8756  12030   22367  23105   15114
  361   5323    622    235    731   1083    234   1082    543   1101    1744   1610    2177
