  1.00
  0.77  1.00
  0.53  0.50  1.00
  0.54  0.44  0.74  1.00
  0.54  0.48  0.91  0.82  1.00
  0.30  0.28  0.72  0.63  0.75  1.00
  0.16  0.20  0.28  0.19  0.26  0.31  1.00
  0.36  0.34  0.79  0.56  0.70  0.63  0.38  1.00
 -0.11 -0.05  0.08  0.02  0.05  0.20  0.03  0.14  1.00
 -0.10 -0.09 -0.03 -0.07 -0.08  0.02  0.15  0.05  0.50  1.00
 -0.02 -0.07  0.22  0.23  0.21  0.27  0.29  0.37  0.44  0.62  1.00
  0.14 -0.02  0.04  0.05  0.07 -0.03  0.23  0.11 -0.04  0.37  0.31  1.00
  0.09 -0.01  0.06  0.10  0.09 -0.03  0.24  0.11 -0.10  0.08  0.21  0.73  1.00
  0.21  0.18  0.15  0.15  0.14 -0.01  0.16  0.13  0.13  0.11  0.28  0.12  0.31  1.00
  0.16  0.21  0.22  0.22  0.22  0.23  0.29  0.18  0.03 -0.07  0.09  0.10  0.32  0.41  1.00
  0.23  0.24  0.09  0.12  0.12  0.05  0.19  0.08  0.08  0.41  0.24  0.33  0.05  0.12  0.10  1.00
  0.38  0.36  0.13  0.21  0.14  0.10  0.07  0.00 -0.19 -0.04 -0.07  0.23  0.09 -0.01  0.18  0.29  1.00
  0.32  0.17  0.18  0.22  0.17  0.27  0.17  0.13 -0.01  0.12  0.14  0.33  0.19  0.00  0.19  0.20  0.47  1.00
  0.37  0.23  0.29  0.35  0.28  0.30  0.15  0.20 -0.03  0.18  0.16  0.36  0.12 -0.02  0.12  0.22  0.51  0.41  1.00
  0.22  0.04 -0.01  0.05  0.06 -0.05 -0.22 -0.06  0.01  0.22  0.11  0.31  0.00 -0.05 -0.28  0.26  0.27  0.37  0.42  1.00
  0.19 -0.01 -0.06  0.04  0.05 -0.13 -0.15 -0.10  0.02  0.22  0.12  0.49  0.17  0.02 -0.22  0.23  0.26  0.25  0.34  0.73  1.00
  0.49  0.26  0.04  0.16  0.10 -0.08 -0.10 -0.06 -0.23 -0.04 -0.12  0.28  0.09  0.08 -0.02  0.15  0.42  0.31  0.42  0.57  0.62  1.00
