 0.82845  -0.73243
 0.64426  -0.90628
 0.51766   0.47486
 0.30069  -0.09933
 0.84758  -0.99016
 0.00567   1.21597
-0.66880  -0.35552
 0.73611   0.96342
-1.36216   1.93354
-1.05536   1.15030
-0.73324   0.63712
-2.56977   0.89781
 2.39020  -0.85491
-0.14617  -0.94613
-1.97958  -0.30717
 0.12389  -2.01222
 0.69222   0.86226
-1.81346  -1.72048
-1.01927   0.92861
 0.24558  -0.82059
 1.28546   0.28746
 0.87341   0.21901
 0.50396   2.09345
-0.23533  -0.41678
 1.58653   1.10920
 0.02214  -0.57157
 0.66962  -1.27704
 0.93017  -1.45704
 2.24352   1.01730
-0.22329  -0.63919
-1.05874   0.62084
-0.35321   0.80501
 0.28038  -1.96338
 1.22884  -1.67582
-0.93392  -0.50884
-0.45699   0.98322
 0.26885  -0.28013
 0.98656   0.59090
 0.38386  -1.58848
-0.02419   0.17050
 0.31467  -0.89014
 0.55800  -0.23654
 0.39401   1.00384
-1.16933  -1.89648
 0.89407   0.58794
 0.62102   0.86790
 0.25293   0.11500
 1.02351   0.00159
-0.66966  -1.46362
-1.18851   1.38176
-0.98630   1.09818
 2.00949  -2.05306
-2.34053  -1.30471
-0.50089  -0.16552
 0.87784  -1.04774
 0.65294   0.21184
 0.41748   0.34382
 0.46829  -0.11296
-0.25700   0.54981
-0.24325   0.45027
-2.21242  -0.09675
 0.39052  -0.39245
-0.41109   0.32414
-1.72947  -0.36114
 1.69823  -1.64781
 0.58264  -0.36850
 0.93090  -0.07061
 0.29055  -0.97197
 0.46894  -0.33316
-0.10015  -0.75908
-0.65632   1.54643
 0.98490   0.18420
 0.07688   0.58782
-0.25333  -1.67499
-0.05654   1.51069
 1.78488   0.65769
-0.17658   1.61661
 0.78101  -1.80374
 2.46149  -0.72466
 0.65550  -0.15026
 1.49850   0.69012
 0.28755   0.33607
-0.36467   0.98172
 1.11628   0.66990
 1.70922  -0.59626
-0.16245   0.79482
 0.20198  -1.18683
-1.27721  -0.14185
 0.83714  -0.41141
 0.51196  -0.08696
 1.40619  -0.23312
-0.29426  -0.85690
 0.52921  -0.36673
 0.63920   0.40233
-0.42763  -1.49499
 1.06828   1.94555
-0.47194  -0.27359
 0.17309   1.11017
-0.43427  -0.21981
-0.12686   0.60666
