-1.32173  -1.79850
-1.74092  -1.03298
-0.59663  -0.13112
 0.49977  -0.46447
 0.31706  -0.28431
 0.13877  -1.19020
 1.54567   0.39989
 0.83433   0.54326
 0.04943   0.00731
 0.17440   0.74713
-0.69496  -0.05093
 1.27630  -0.84619
 0.13963   0.13692
 0.36132   0.40143
 0.02941  -0.09357
 2.00407   0.55963
 1.60831   0.00403
-1.53671  -0.29981
-0.63001   0.56864
 0.46011  -0.35631
 0.84699   0.28160
-0.14617   0.09471
 0.90063   0.80971
 1.77727   1.22584
 1.07362   0.39028
 0.99926  -0.88290
-0.15696  -0.33045
-0.67348   0.28504
 0.55845   1.29140
-1.48136  -1.61266
-0.39786   0.74451
-0.24430  -0.80525
 0.61589  -1.28373
-0.08768   0.80704
 0.90313   0.47570
-0.36816   1.49951
 0.12611   0.76936
-0.47756   1.13709
 0.97661   0.28751
-1.50776   0.81999
 0.54886  -2.21116
 0.79762  -0.80351
 0.24473   2.12551
-1.18558   0.67840
-1.44309   1.07698
-0.92364   1.87726
 0.14236   0.81329
-1.02912  -1.25615
 1.41239   0.07566
-0.40147  -2.57343
 1.67569  -1.01495
 0.71087   1.46357
 0.66928  -1.23286
 1.06451   0.11089
-0.08648  -1.48325
-0.09906  -0.96598
-1.24442   0.82948
 0.16673  -0.42479
 0.37244   2.22493
 2.12218  -1.01727
 1.39784   1.83308
 1.06689  -0.74073
 0.88026  -1.42851
 0.60055   0.34330
 1.01483   0.00444
 0.08532   1.10442
-0.95065   0.29820
-1.29251   0.49023
-0.27945   1.28170
-0.07585   0.65295
 0.42014   0.78216
-0.74898  -1.42851
 0.59801   0.62853
 1.29998  -1.92527
 0.71885   1.12419
-0.45123  -0.01297
-0.09963   0.31968
-1.41964  -2.09541
 0.31221   0.68551
 1.04884   1.99373
 0.51861  -0.44824
-0.89970   1.66695
 1.17452  -0.17608
-0.56227   1.28000
 0.14485  -0.22650
-0.06847  -0.52265
 0.57222   0.83064
-0.55907   0.44183
 0.43193   2.00939
-0.70623  -0.23798
 0.22347  -1.08533
-0.51190  -0.04548
 0.34855  -0.28883
 1.85369  -0.81823
-0.59757   0.76131
 0.39989  -0.47729
 0.30564  -0.52364
 1.11221  -1.17523
-0.59165  -1.39060
-0.55138  -0.99867
