 0.509648   0.010684
 0.768445   0.213149
 0.943680   0.956113
 0.904646   0.469785
 0.805386   0.705229
 0.862495   0.179746
 0.035692   0.489783
 0.705701   0.379564
 0.900706   0.900655
 0.446599   0.145735
 0.534162   0.540438
 0.258338   0.175006
 0.380694   0.005695
 0.669054   0.659333
 0.179263   0.380144
 0.766923   0.619436
 0.342783   0.801577
 0.872153   0.377760
 0.800878   0.197223
 0.979505   0.208751
 0.822259   0.988640
 0.075956   0.019880
 0.706467   0.267223
 0.450700   0.097710
 0.294046   0.223538
 0.446711   0.904461
 0.731905   0.300681
 0.412470   0.795443
 0.506501   0.325589
 0.158630   0.912391
 0.044185   0.084487
 0.213522   0.634787
 0.245000   0.608935
 0.524111   0.964086
 0.838224   0.114519
 0.662145   0.769634
 0.063723   0.297583
 0.722336   0.244592
 0.446229   0.683453
 0.834832   0.150833
 0.832750   0.929008
 0.478982   0.482730
 0.674501   0.669527
 0.689761   0.830274
 0.521086   0.423892
 0.535141   0.935276
 0.998767   0.530929
 0.628600   0.948632
 0.235343   0.613089
 0.074349   0.217313
 0.914435   0.438240
 0.850145   0.373189
 0.011604   0.676366
 0.220479   0.894304
 0.575898   0.935312
 0.387916   0.509848
 0.261530   0.308921
 0.618498   0.986481
 0.809469   0.026418
 0.218502   0.195629
 0.940877   0.558055
 0.024843   0.101776
 0.166594   0.786922
 0.181558   0.874289
 0.837184   0.856247
 0.621886   0.261159
 0.195406   0.164289
 0.601570   0.887031
 0.858908   0.542725
 0.835083   0.230434
 0.442272   0.809505
 0.174219   0.552548
 0.522559   0.031472
 0.497984   0.570126
 0.730919   0.909517
 0.730132   0.244730
 0.784825   0.257853
 0.781307   0.644299
 0.344352   0.346156
 0.398905   0.686685
 0.621434   0.993767
 0.861620   0.085811
 0.646748   0.211183
 0.551736   0.820198
 0.743792   0.821920
 0.053493   0.534627
 0.800124   0.785607
 0.488816   0.149818
 0.219089   0.488361
 0.475213   0.335377
 0.147307   0.085543
 0.420245   0.494905
 0.271371   0.600459
 0.071856   0.505559
 0.732206   0.497566
 0.222583   0.368164
 0.145032   0.652385
 0.343005   0.851878
 0.781553   0.324067
 0.970117   0.028224
