 0.199570   0.423033
 0.636211   0.595894
 0.214471   0.155346
 0.118513   0.082853
 0.628767   0.790557
 0.351593   0.794155
 0.976137   0.874948
 0.601307   0.609485
 0.157774   0.061562
 0.074787   0.076792
 0.874569   0.221471
 0.834239   0.219105
 0.454918   0.731076
 0.449195   0.966846
 0.132832   0.049518
 0.008298   0.512276
 0.707500   0.460758
 0.291790   0.177856
 0.691369   0.088018
 0.211889   0.700575
 0.682142   0.214760
 0.584101   0.396908
 0.683020   0.730291
 0.708467   0.533828
 0.349693   0.551799
 0.990139   0.731162
 0.776982   0.125271
 0.041400   0.710722
 0.914258   0.148617
 0.539188   0.525024
 0.648950   0.893023
 0.949410   0.924907
 0.904451   0.239971
 0.710959   0.432359
 0.131996   0.714931
 0.164571   0.178837
 0.967115   0.264933
 0.182972   0.008301
 0.232077   0.515207
 0.999468   0.737329
 0.380885   0.930003
 0.166085   0.550333
 0.779993   0.348372
 0.311635   0.124207
 0.972394   0.787470
 0.479348   0.082776
 0.375293   0.604827
 0.318466   0.686065
 0.671959   0.701961
 0.744010   0.479826
 0.836061   0.962832
 0.337881   0.565155
 0.956552   0.225571
 0.049631   0.458745
 0.415561   0.296916
 0.704347   0.474181
 0.845925   0.682551
 0.407691   0.446755
 0.457392   0.690972
 0.848492   0.275744
 0.136196   0.496676
 0.945139   0.366764
 0.770531   0.641743
 0.272532   0.590479
 0.012773   0.038008
 0.128308   0.184843
 0.504897   0.528463
 0.701362   0.265822
 0.085829   0.575037
 0.340773   0.872483
 0.459541   0.134668
 0.524872   0.810961
 0.726579   0.723241
 0.719819   0.272628
 0.204468   0.766401
 0.369642   0.039235
 0.705856   0.426910
 0.485995   0.862118
 0.412937   0.084560
 0.759500   0.649093
 0.378651   0.103537
 0.553157   0.112089
 0.886099   0.654288
 0.113653   0.219640
 0.988590   0.289483
 0.745847   0.927865
 0.151336   0.930650
 0.916224   0.431123
 0.239684   0.130184
 0.118147   0.025937
 0.971606   0.353161
 0.857976   0.635439
 0.510404   0.533191
 0.526876   0.608511
 0.336161   0.813277
 0.072118   0.374157
 0.950846   0.330281
 0.707133   0.101135
 0.491154   0.658654
 0.241027   0.531527
