S03  1428    52   199    5   55    12   19   422    14  167   37    32   14
S04    15  1001   256  227   20    26   33    33   162   23   76   185   95
S07    84    96  2553  124  292   214  655   165   227  122  329   206  130
S16     1    80    29  256   23    27   37    21    82    2   67   206   44
S18    34    11   164   11  910   112  105    98    50   42  102    50   20
S21    13    19   123   10   63  1294   70    59   187   44   60    88   61
S24    17    47   364    7   39    30  803    55   119    1  248   236  126
S26   506    29   125   10   47    37   15  1983    67  132  121   175   30
S29    22   162   219   44   48    87   43    49  1590   35   73   268  139
S36    78     3    29   14   93   100   12   220    48  868   29    20   15
S10    73    82   330   17   52    34   76    52    13   34  441   370  117
S43   113   299   509  102   42    49  123    99   113   36   70  1040  450
S45    62   243   358   54   24    74   97    28   116   15   47   100  455
