 2.42   2.60
 4.21   3.25
 3.15   3.71
 4.58   4.62
 3.15   2.51
 7.16   6.74
 2.62   2.91
 3.46   3.52
 4.44   3.46
 2.53   4.32
 5.86   5.50
 5.67   7.50
 3.20   3.77
 5.11   2.93
 3.27   4.58
 4.04   4.22
 4.67   4.74
 4.17   4.38
 4.59   6.25
 4.70   6.12
 3.11   6.18
 3.60   5.29
 5.19   2.60
 1.27   4.09
 6.67   4.62
 5.10   5.91
 4.37   4.84
 1.85   3.51
 5.02   3.73
 5.47   6.91
 1.03   2.92
 4.31   2.79
 5.10   3.77
 4.06   4.52
 6.50   7.41
 6.13   5.88
 6.05   6.70
 4.67   4.70
 4.96   6.27
 1.55   4.40
 3.73   3.34
 6.15   5.79
 1.93   2.61
 3.34   4.86
 5.14   4.47
 6.38   5.29
 0.42   1.02
 3.35   4.14
 3.19   3.68
 4.09   4.39
