1  6  6
1  2  4
1  4  6
1  3  3
1  6  6
1  5  6
1  4  3
1  4  5
1  7  7
1  3  4
1  6  6
1  3  4
1  5  5
1  5  6
1  5  5
1  4  4
1  4  6
1  6  5
1  6  6
1  4  5
1  5  5
1  4  5
1  3  3
1  3  4
1  4  5
1  5  4
1  5  6
1  5  5
1  3  4
1  7  6
2  6  5
2  4  4
2  5  5
2  6  6
2  5  4
2  5  4
2  6  5
2  6  5
2  4  4
2  5  5
2  4  4
2  6  5
2  4  3
2  6  6
2  4  3
2  5  6
2  5  4
2  7  4
2  4  4
2  6  6
2  7  6
2  5  4
2  4  3
2  5  5
2  5  5
2  4  4
2  4  5
2  3  3
2  6  5
2  5  4
