 1   1  2  1  0  6  4  0
 1   2  4  6  1  6  4  1
 1   3  2  4  1  3  3  1
 1   4  2  4  1  6  4  0
 1   5  2  6  1  6  4  0
 1   6  6  7  0  6  6  0
 1   7  2  4  0  6  6  1
 1   8  1  1  0  2  1  1
 1   9  1  1  0  3  3  1
 1  10  1  1  0  4  4  1
 1  11  1  1  0  4  4  1
 1  12  1  1  1  4  3  1
 1  13  2  1  1  4  4  0
 1  14  2  4  0  4  6  0
 2   1  3  3  0  4  4  0
 2   2  3  3  1  4  4  1
 2   3  4  4  1  4  4  1
 2   4  2  4  1  4  4  0
 2   5  3  4  1  4  4  0
 2   6  2  3  0  3  4  .
 2   7  2  3  0  3  4  .
 2   8  1  2  0  3  3  0
 2   9  1  3  0  5  .  .
 2  10  1  2  0  4  4  .
 2  11  1  1  0  4  4  .
 2  12  2  1  1  4  3  0
 2  13  .  1  1  .  3  0
 2  14  2  2  0  4  3  0
 3   1  4  6  0  7  7  0
 3   2  6  6  1  7  7  1
 3   3  6  6  1  6  3  1
 3   4  7  6  1  7  7  1
 3   5  7  6  1  6  7  1
 3   6  4  6  0  6  6  1
 3   7  4  6  0  6  6  1
 3   8  1  6  0  6  2  1
 3   9  1  6  0  6  5  1
 3  10  1  6  0  6  4  1
 3  11  1  6  0  6  4  1
 3  12  1  6  1  6  5  1
 3  13  1  6  1  6  5  1
 3  14  2  5  0  5  2  0
 4   1  5  7  0  7  7  0
 4   2  6  7  1  7  7  .
 4   3  5  5  1  3  .  0
 4   4  2  6  1  7  7  1
 4   5  5  7  1  7  3  0
 4   6  6  6  0  6  7  0
 4   7  2  .  0  6  7  1
 4   8  1  4  0  3  2  1
 4   9  1  2  0  3  .  1
 4  10  1  1  0  5  6  1
 4  11  1  1  0  5  6  1
 4  12  2  5  1  5  2  0
 4  13  5  4  1  4  4  0
 4  14  1  3  0  2  2  0
 5   1  4  6  0  6  5  1
 5   2  6  6  1  6  5  1
 5   3  7  6  1  4  4  1
 5   4  3  4  1  6  5  1
 5   5  4  5  1  4  4  1
 5   6  6  6  0  7  6  1
 5   7  4  4  0  7  6  1
 5   8  1  4  0  2  1  1
 5   9  1  3  0  4  4  1
 5  10  1  1  0  6  5  1
 5  11  1  1  0  6  5  1
 5  12  1  2  1  4  4  0
 5  13  2  2  1  4  6  0
 5  14  4  4  0  5  5  1
 6   1  4  5  0  7  3  1
 6   2  4  6  1  7  3  1
 6   3  4  3  1  3  3  1
 6   4  5  5  1  7  3  0
 6   5  6  4  1  7  3  0
 6   6  5  6  0  5  4  1
 6   7  4  4  0  5  4  1
 6   8  2  3  0  4  4  1
 6   9  2  3  0  2  3  1
 6  10  2  3  0  3  3  1
 6  11  2  3  0  3  3  1
 6  12  4  4  1  4  3  1
 6  13  5  4  1  4  4  1
 6  14  5  4  0  2  5  1
 7   1  1  7  0  7  4  1
 7   2  6  7  1  7  4  1
 7   3  6  6  1  5  3  1
 7   4  7  6  1  7  4  1
 7   5  7  7  1  7  5  1
 7   6  5  5  0  6  5  .
 7   7  4  5  0  6  5  1
 7   8  3  3  0  4  3  0
 7   9  2  4  0  6  3  1
 7  10  1  2  0  4  2  1
 7  11  1  2  0  4  2  1
 7  12  1  2  1  5  3  0
 7  13  1  1  1  4  3  0
 7  14  3  2  0  3  3  1
 8   1  3  5  0  7  7  1
 8   2  6  6  1  7  7  1
 8   3  4  3  1  6  6  1
 8   4  5  5  1  7  7  1
 8   5  6  6  1  4  4  1
 8   6  6  6  0  5  5  0
 8   7  5  4  0  5  5  1
 8   8  2  3  0  3  2  1
 8   9  1  2  0  4  3  1
 8  10  1  1  0  4  3  1
 8  11  1  1  0  4  3  1
 8  12  1  2  1  4  4  1
 8  13  1  1  1  4  3  0
 8  14  4  3  0  3  5  1
 9   1  6  4  0  6  4  1
 9   2  7  6  1  6  4  1
 9   3  6  4  1  4  5  1
 9   4  4  4  1  6  4  0
 9   5  5  4  1  7  4  0
 9   6  7  7  0  6  6  0
 9   7  7  7  0  6  6  1
 9   8  1  2  0  4  4  1
 9   9  1  1  0  3  4  1
 9  10  1  1  0  5  4  1
 9  11  1  4  0  5  4  1
 9  12  4  4  1  3  4  1
 9  13  4  3  1  3  3  0
 9  14  4  3  0  3  6  1
10   1  4  7  0  7  6  0
10   2  6  7  1  7  6  0
10   3  6  5  1  5  6  1
10   4  6  7  1  7  6  0
10   5  6  7  1  7  6  0
10   6  3  5  0  5  5  0
10   7  3  4  0  5  5  0
10   8  2  3  0  2  1  1
10   9  2  4  0  4  5  1
10  10  1  2  0  3  4  1
10  11  1  3  0  3  4  1
10  12  2  4  1  4  5  0
10  13  2  3  1  2  4  0
10  14  4  4  0  3  4  0
11   1  6  7  0  7  1  0
11   2  6  7  1  7  1  1
11   3  4  4  1  3  3  1
11   4  6  7  1  7  1  0
11   5  6  7  1  5  2  0
11   6  5  7  0  7  5  1
11   7  5  7  0  7  5  0
11   8  4  3  0  4  1  1
11   9  2  3  0  3  3  0
11  10  1  1  0  4  2  0
11  11  2  1  0  4  2  0
11  12  3  3  1  6  4  0
11  13  3  3  1  5  4  1
11  14  3  3  0  3  6  0
12   1  5  5  0  6  4  1
12   2  6  5  1  6  4  1
12   3  5  4  1  3  3  1
12   4  6  5  1  6  4  0
12   5  6  5  1  6  5  1
12   6  5  5  0  5  4  0
12   7  4  5  0  5  4  1
12   8  2  3  0  1  1  1
12   9  2  3  0  3  3  1
12  10  2  2  0  5  3  1
12  11  2  2  0  5  3  1
12  12  2  2  1  3  1  1
12  13  2  2  1  5  4  1
12  14  3  2  0  4  5  1
13   1  4  4  0  1  2  1
13   2  5  3  1  1  2  1
13   3  5  4  1  3  3  1
13   4  5  4  1  1  2  0
13   5  4  4  1  1  1  1
13   6  4  5  0  5  5  0
13   7  4  5  0  5  5  1
13   8  3  4  0  4  5  1
13   9  3  3  0  3  3  1
13  10  2  1  0  4  4  1
13  11  2  2  0  4  4  1
13  12  2  2  1  3  3  1
13  13  2  2  1  4  3  1
13  14  5  5  0  5  6  1
14   1  7  6  0  6  1  1
14   2  7  7  1  6  1  1
14   3  7  6  1  5  .  1
14   4  7  6  1  6  1  0
14   5  7  7  1  5  6  1
14   6  7  7  0  6  5  0
14   7  7  6  0  6  5  0
14   8  3  5  0  6  1  0
14   9  1  5  0  4  3  0
14  10  1  5  0  2  2  0
14  11  1  5  0  2  2  0
14  12  1  5  1  5  5  0
14  13  1  5  1  6  5  0
14  14  7  5  0  5  6  1
15   1  7  7  0  5  5  1
15   2  7  7  1  5  5  1
15   3  7  7  1  5  5  1
15   4  7  7  1  5  5  0
15   5  2  3  1  3  3  0
15   6  7  7  0  7  7  1
15   7  7  7  0  7  7  0
15   8  2  2  0  2  1  1
15   9  5  5  0  5  5  1
15  10  5  7  0  5  5  1
15  11  5  7  0  5  5  1
15  12  6  5  1  5  5  1
15  13  7  7  1  3  3  0
15  14  3  3  0  5  3  1
16   1  6  7  0  7  5  1
16   2  7  7  1  7  5  1
16   3  6  6  1  5  6  1
16   4  7  7  1  7  5  0
16   5  7  7  1  7  4  1
16   6  6  6  0  6  4  1
16   7  5  6  0  6  4  1
16   8  4  1  0  1  1  1
16   9  4  3  0  3  1  1
16  10  1  2  0  6  6  1
16  11  2  3  0  6  6  1
16  12  4  3  1  5  7  0
16  13  1  1  1  5  4  0
16  14  6  4  0  5  6  1
17   1  7  7  0  6  7  1
17   2  7  7  1  6  7  1
17   3  7  6  1  5  6  1
17   4  5  1  1  6  7  0
17   5  5  1  1  3  4  0
17   6  7  7  0  7  7  1
17   7  6  7  0  7  7  1
17   8  1  1  0  2  2  1
17   9  2  7  0  6  7  1
17  10  1  1  0  2  2  1
17  11  1  1  0  2  2  1
17  12  2  1  1  2  2  0
17  13  5  6  1  6  6  0
17  14  2  1  0  2  3  1
18   1  7  7  0  5  5  0
18   2  7  7  1  5  5  1
18   3  7  7  1  7  7  1
18   4  7  7  1  5  5  1
18   5  5  4  1  4  4  1
18   6  7  7  0  7  7  .
18   7  7  7  0  7  7  1
18   8  5  6  0  5  5  0
18   9  2  3  0  7  7  0
18  10  2  2  0  5  5  0
18  11  2  2  0  5  5  0
18  12  4  4  1  6  6  0
18  13  2  2  1  5  5  0
18  14  4  4  0  5  5  0
19   1  3  3  0  4  4  1
19   2  6  5  1  4  4  1
19   3  5  4  1  4  4  1
19   4  4  5  1  4  4  0
19   5  2  3  1  4  5  1
19   6  7  7  0  7  7  1
19   7  3  7  0  7  7  1
19   8  3  3  0  5  3  .
19   9  1  2  0  3  4  1
19  10  1  1  0  4  3  1
19  11  1  1  0  4  3  1
19  12  1  1  1  6  4  0
19  13  1  1  1  6  6  0
19  14  1  1  0  6  7  1
20   1  4  5  0  4  5  0
20   2  4  5  1  4  5  0
20   3  3  4  1  3  3  0
20   4  5  5  1  4  5  0
20   5  5  5  1  4  5  0
20   6  5  5  0  3  4  0
20   7  4  4  0  3  4  1
20   8  3  2  0  3  3  .
20   9  2  2  0  3  3  1
20  10  2  2  0  4  5  1
20  11  3  2  0  4  5  1
20  12  2  2  1  4  4  0
20  13  2  2  1  3  4  0
20  14  2  2  0  5  5  0
21   1  2  4  0  3  2  1
21   2  1  2  1  3  2  1
21   3  5  5  1  4  .  1
21   4  5  4  1  3  2  1
21   5  5  4  1  3  5  1
21   6  1  2  0  5  4  1
21   7  2  3  0  5  4  1
21   8  6  6  0  5  5  1
21   9  4  5  0  4  .  1
21  10  1  2  0  6  5  1
21  11  2  3  0  6  5  1
21  12  6  7  1  6  6  0
21  13  4  5  1  6  6  0
22   1  3  3  0  5  2  0
22   2  1  2  1  5  2  0
22   3  3  3  1  5  2  1
22   4  2  2  1  5  2  0
22   5  4  2  1  2  3  0
22   6  1  3  0  3  3  0
22   7  1  2  0  3  3  1
22   8  1  4  0  6  3  1
22   9  1  3  0  5  2  1
22  10  1  2  0  4  3  1
22  11  1  2  0  4  3  1
22  12  2  4  1  4  4  0
22  13  7  7  1  6  7  0
23   1  2  1  0  2  2  0
23   2  1  1  1  2  2  1
23   3  3  4  1  5  4  1
23   4  1  1  1  2  2  0
23   5  3  1  1  4  5  0
23   6  1  1  0  5  4  .
23   7  1  1  0  5  4  0
23   8  1  5  0  6  4  0
23   9  1  5  0  5  4  0
23  10  1  1  0  5  4  0
23  11  1  1  0  5  4  0
23  12  2  2  1  5  5  0
23  13  3  1  1  5  4  0
24   1  2  2  0  4  4  1
24   2  1  2  1  4  4  1
24   3  1  1  1  1  1  1
24   4  1  1  1  4  4  1
24   5  1  2  1  3  3  1
24   6  1  2  0  3  3  1
24   7  1  2  0  3  3  1
24   8  5  4  0  4  4  1
24   9  .  3  0  2  4  1
24  10  1  1  0  7  7  1
24  11  1  1  0  7  7  1
24  12  2  2  1  7  7  0
24  13  1  1  1  4  4  0
25   1  3  6  0  4  4  1
25   2  2  1  1  4  4  .
25   3  2  3  1  4  5  1
25   4  1  1  1  4  4  1
25   5  4  2  1  6  7  0
25   6  1  1  0  5  6  1
25   7  1  1  0  5  6  1
25   8  7  7  0  7  7  1
25   9  7  1  0  7  6  1
25  10  1  1  0  4  6  1
25  11  1  1  0  4  6  1
25  12  1  1  1  7  7  0
25  13  4  1  1  7  7  1
26   1  2  5  0  4  4  1
26   2  1  3  1  4  4  1
26   3  5  5  1  5  5  1
26   4  2  4  1  4  4  0
26   5  4  6  1  3  5  1
26   6  1  2  0  5  4  1
26   7  1  2  0  5  4  1
26   8  1  6  0  4  4  1
26   9  1  5  0  5  6  1
26  10  1  2  0  4  4  1
26  11  1  1  0  4  4  1
26  12  4  6  1  7  6  1
26  13  3  5  1  6  5  1
27   1  5  6  0  3  2  1
27   2  1  3  1  3  2  1
27   3  2  5  1  4  3  1
27   4  1  2  1  3  2  0
27   5  4  3  1  3  7  0
27   6  1  2  0  3  4  1
27   7  1  2  0  3  4  1
27   8  6  7  0  7  4  1
27   9  2  4  0  5  2  1
27  10  4  2  0  6  6  1
27  11  4  4  0  6  6  1
27  12  5  4  1  5  4  0
27  13  2  5  1  6  6  0
28   1  1  2  0  2  1  0
28   2  1  1  1  2  1  1
28   3  3  4  1  3  2  1
28   4  1  1  1  2  1  0
28   5  3  4  1  2  3  0
28   6  1  1  0  3  3  0
28   7  2  1  0  3  3  0
28   8  2  2  0  5  3  1
28   9  2  2  0  3  3  0
28  10  1  1  0  3  4  0
28  11  1  1  0  3  4  0
28  12  2  2  1  4  6  0
28  13  2  2  1  4  6  0
29   1  2  2  0  2  4  1
29   2  1  2  1  2  4  1
29   3  2  2  1  2  2  1
29   4  1  2  1  2  4  1
29   5  3  2  1  4  4  1
29   6  2  2  0  4  4  1
29   7  1  2  0  4  4  1
29   8  1  3  0  7  7  0
29   9  1  2  0  5  5  0
29  10  1  2  0  5  3  0
29  11  1  2  0  5  3  0
29  12  3  4  1  6  6  0
29  13  3  3  1  4  4  0
30   1  6  6  0  5  6  1
30   2  1  1  1  5  6  1
30   3  3  4  1  5  5  1
30   4  1  1  1  5  6  0
30   5  1  1  1  1  1  1
30   6  1  1  0  1  7  0
30   7  1  1  0  1  7  0
30   8  1  1  0  .  1  0
30   9  1  1  0  4  3  0
30  10  1  1  0  5  6  0
30  11  1  1  0  5  6  0
30  12  3  5  1  6  6  0
30  13  1  1  1  7  6  0
31   1  2  2  0  4  4  1
31   2  1  1  1  4  4  1
31   3  2  2  1  7  7  1
31   4  3  3  1  4  4  1
31   5  3  2  1  4  4  1
31   6  1  1  0  2  1  1
31   7  1  1  0  2  1  1
31   8  7  7  0  7  7  1
31   9  3  4  0  7  7  1
31  10  1  1  0  7  7  1
31  11  1  1  0  7  7  1
31  12  3  2  1  4  4  0
31  13  3  1  1  5  2  0
32   1  1  3  0  5  4  0
32   2  1  1  1  5  4  0
32   3  4  4  1  6  5  1
32   4  1  1  1  5  4  0
32   5  6  6  1  7  7  1
32   6  1  1  0  4  6  1
32   7  1  1  0  4  6  1
32   8  5  6  0  6  4  1
32   9  1  1  0  6  5  1
32  10  1  1  0  5  6  1
32  11  1  1  0  5  6  1
32  12  4  5  1  7  7  0
32  13  4  4  1  7  7  1
33   1  3  3  0  3  2  1
33   2  1  1  1  3  2  1
33   3  4  3  1  4  4  1
33   4  1  1  1  3  2  1
33   5  4  4  1  4  4  0
33   6  1  1  0  2  2  1
33   7  1  1  0  2  2  1
33   8  5  5  0  6  5  1
33   9  4  4  0  4  4  1
33  10  1  1  0  4  4  1
33  11  1  1  0  4  4  1
33  12  4  4  1  4  4  0
33  13  4  4  1  4  4  1
34   1  4  4  0  3  4  1
34   2  7  7  1  3  4  0
34   3  1  1  1  6  4  1
34   4  3  2  1  3  4  1
34   5  2  2  1  2  2  1
34   6  3  3  0  .  6  1
34   7  3  3  0  .  6  1
34   8  1  7  0  4  3  .
34   9  1  1  0  6  6  1
34  10  3  1  0  4  6  1
34  11  3  3  0  4  6  1
34  12  .  3  1  5  .  .
34  13  3  4  1  5  5  .
35   1  1  3  0  2  1  1
35   2  3  2  1  2  1  0
35   3  3  4  1  3  3  1
35   4  7  4  1  2  1  1
35   5  1  3  1  3  7  1
35   6  2  2  0  5  2  0
35   7  3  5  0  5  2  1
35   8  4  5  0  6  4  1
35   9  1  4  0  4  4  1
35  10  2  4  0  4  3  1
35  11  4  5  0  4  3  1
35  12  4  6  1  5  6  0
35  13  4  5  1  6  5  0
