  1   71   96  4.6
  1  128  136  6.8
  1   79   77  5.5
  1  100   82  8.2
  1   94  104  5.9
  1  123  117  8.2
  1   79   65  6.9
  1   98  107  5.6
  1   84   74  6.7
  1   83  102  7.5
  1   76   74  6.5
  1   98   99  8.9
  1   65   57  6.9
  1  110  103  7.1
  1   95  101  6.4
  1  121  115  8.1
  1  108  115  7.6
  1   95   70  5.4
  1   88   79  5.4
  1   60   59  6.6
  2   95  147  7.3
  2  100  137  6.7
  2  103  109  7.7
  2   94  123  6.6
  2  112  120  6.3
  2  103  118  6.6
  2   93   84  5.8
  2  105  116  9.0
  2   90  157  8.2
  2   87  121  6.4
  2   83   87  6.8
  2  130  171  6.0
  2  108  138  7.7
  2   65  112  5.5
  2  100  116  5.6
  2  106  103  5.5
  2   98  136  7.3
  2  116  141  7.3
  2   71   41  5.3
  2  132  176  7.9
  3   86   60  6.2
  3  120  109  8.1
  3  158  141  9.9
  3  120  129  7.5
  3  146   89  7.4
  3  139  143  8.3
  3  125  127  6.3
  3  125  134  6.6
  3   98   67  6.9
  3  113  122  3.9
  3   83   64  6.5
  3  116  113  4.9
  3  117  116  6.3
  3  156  117  7.2
  3   99  110  5.6
  3  108   90  7.7
  3  151  135  6.0
  3   99  119  6.9
  3  147  123  8.4
  3  160  159  5.9
