225  190  205  1  1  1  7.3  34
323  210  241  1  1  1  8.3  41
424  275  256  1  2  1  6.9  32
268  200  201  1  2  1  6.5  28
224  190  209  1  1  2  7.3  34
331  178  267  1  1  2  8.3  41
254  157  185  1  2  2  6.9  23
492  351  365  1  2  2  6.5  37
167  163  145  2  1  1  6.5  33
226  148  170  2  1  1  8.4  39
210  134  128  2  2  1  6.5  30
289  212  200  2  2  1  6.2  27
204  200  175  2  1  2  6.5  37
288  171  247  2  1  2  8.4  43
245  120  117  2  2  2  6.5  30
161  116  111  2  2  2  6.2  19
161  141  111  3  1  1  7.2  32
246  126  184  3  1  1  8.1  42
128   83   83  3  2  1  6.6  29
154  122  102  3  2  1  6.1  24
163  116  116  3  1  2  7.2  32
151  112  119  3  1  2  8.1  36
180  100   75  3  2  2  6.6  29
150  122  101  3  2  2  6.1  24
