1 285 325 165
1  23  45  15
1  40  85  18
1 215 307  60
1 110 110  50
1  65 105  24
1  43 160  44
1 120 180  80
1 250 335 185
1  14  20   3
1   0  15   5
1   5  23  12
1  75 303  95
1  27 113  40
1  30  25  28
1 183 175 100
1  47 117  46
1 385 520  23
1  83  95  26
1  87  27   2
0 168 190 160
0 277 230  63
0 153  80  29
0 306 440 105
0 252 350 175
0 143 205  42
0  69  55  10
0 177 195  75
0  73  57  32
0  81 120   7
0  63  63   0
0  64  53  35
0  88 125  21
0 132 225   9
0 122  60  38
0 309 355 135
0 147 135  83
0 223 300  30
0 217 235 130
0  74  67  20
0 258 185 115
0 239 445 145
0  78  40  48
0  70  50  55
0 188 165  87
0 157 330  67
