s01  1  0  0  0  1  1  0  1
s02  1  0  0  0  1  0  0  0
s03  1  0  0  0  1  0  0  0
s04  0  1  0  1  0  0  1  0
s05  1  0  0  0  1  0  0  0
s06  1  0  0  0  1  1  0  0
s07  0  1  1  1  0  0  1  0
s08  1  1  0  0  1  1  0  1
s09  1  1  0  0  0  1  1  1
s10  1  0  0  0  1  0  0  1
s11  1  0  0  0  1  1  0  0
s12  0  1  0  0  0  0  1  0
s13  0  0  1  1  0  1  0  1
s14  1  0  0  0  0  1  0  0
s15  0  1  1  0  0  0  1  0
s16  0  0  0  0  1  1  0  0
s17  0  1  0  0  0  1  0  0
s18  1  1  0  0  1  0  0  0
s19  1  0  0  0  0  0  0  1
s20  1  1  1  0  1  0  0  0
s21  1  0  0  0  1  0  0  0
s22  1  0  0  0  1  0  0  0
s23  0  1  0  1  0  0  1  0
s24  1  1  0  0  1  0  0  0
s25  0  1  1  1  0  0  0  0
s26  0  1  0  1  0  0  1  0
s27  0  1  0  0  0  0  1  0
s28  1  0  0  0  0  1  0  1
s29  1  0  0  0  0  1  0  0
s30  0  1  1  0  0  0  1  0
s31  1  0  0  0  1  0  0  1
s32  0  1  1  0  0  0  1  0
s33  1  0  0  0  1  0  0  1
s34  0  1  1  1  0  0  1  0
