Prof_(SE)    232   85   15   6   5   1   2   4   3   3    2   3   4   0   4   1   1
Prof_(Sal)   207 2739  714  62 145  31 129  98  44 118   58  42  54   7  22  25   5
Manager       11  181 1009  91 142  51 108  35  33  51   33  49  39   6  11  11   3
Sales_(Oth)    7   14   91 154  28  20  17  10  20  20   18  21  21   3   6   6   1
Proprietor     9   64  318  62 427  44  38  29  15  32   37  33  26   4  15   6   2
Clerk          6   78  261 102 106 155  92  66  32  77   88  58  56   9  25  15   3
Sales_(Ret)   29  343  637  81 191  77 814 186  69 154  223 169 132  33  85  17   5
Craft_(Mfr)    2  119  140  51  38  15  73 874  75 136  249  66  60  29  33  12   2
Craft_(Oth)    1   40  111  80  13  10  32  91 705 148   82  89  52  11  78   9   8
Craft_(Con)    4  112  197  85  54  41  81 184 114 952  120 140  72  18  56  14   9
Service        6  181  245 106  74  55 246 638 184 261 1588 350 234 149 163  37  10
Oper_(Oth)     8  116  229 138  74  56 156 197 217 360  385 959 170  71 171  47  35
Oper_(Mfr)     3   73  108  47  31  27  95  68  43  83  152 119 663  29  76  11  12
Labor_(Mfr)    1   33   48  21  15  13  55 128  71  91  264 104  59 145  75  15  10
Labor_(Oth)    4   47  152  68  35  30 119 143 244 189  270 271 148  48 393  28  23
Farmer         5   19   37  32  16  14  22  34  44  59   78  69  50  15  48 517  57
Farm_Labor     2   47   77  52  16  26  52 117 145 164  285 240 116  74 150 241 235
