Brazil
Congo        4.83
Cuba         5.28   4.56
Egypt        3.44   5.00   5.17
France       4.72   4.00   4.11   4.78
India        4.50   4.83   4.00   5.83   3.44
Israel       3.83   3.33   3.61   4.67   4.00   4.11
Japan        3.50   3.39   2.94   3.83   4.22   4.50   4.83
China        2.39   4.00   5.50   4.39   3.67   4.11   3.00   4.17
Russia       3.06   3.39   5.44   4.39   5.06   4.50   4.17   4.61   5.72
USA          5.39   2.39   3.17   3.33   5.94   4.28   5.94   6.06   2.56   5.00
Yugoslavia   3.17   3.50   5.11   4.28   4.72   4.00   4.44   4.28   5.06   6.67   3.56
