A     
B    53
C    78    27
D    47    40    44
E     5    70    67     4
F    42    28    39    31    50
G    35    61    29    34    75    30
H     8    64    22    48    14    58    55
I    32    10    23    57     2    11    38     1
J    21    13     3    65    52     6    18    41    12
K    16    19    60    33    51    17    77    37    68    74
L    72    36    54    45    59    66    43    49    76     9    71
M    20     8    25    15    56    69     7    46    73    63    62    26
